created
1355510701
1355511010
1355511014
1355511035
1355511035
1355511074
1355511141
1355511150
1355511214
1355511221
1355511236
1355511262
1355511266
1355511269
1355511282
1355511338
1355511360
1355511361
1355511362
1355511376
1355511409
1355511409
1355511445
1355511503
1355511535
1355511559
1355511569
1355511590
1355511597
1355511625
1355511627
1355511642
1355511663
1355511666
1355511674
1355511679
1355511691
1355511700
1355511702
1355511703
1355511750
1355511766
1355511767
1355511769
1355511773
1355511779
1355511782
1355511784
1355511802
1355511812
1355511825
1355511839
1355511840
1355511851
1355511884
1355511893
1355511895
1355511925
1355511931
1355511938
1355511949
1355511954
1355511960
1355511982
1355511993
1355512001
1355512077
1355512086
1355512087
1355512101
1355512106
1355512114
1355512204
1355512211
1355512222
1355512235
1355512245
1355512249
1355512331
1355512338
1355512349
1355512365
1355512372
1355512391
1355512414
1355512444
1355512484
1355512545
1355512546
1355512598
1355512640
1355512654
1355512684
1355512737
1355512776
1355512806
1355512842
1355512865
1355512889
1355512899
1355512939
1355512949
1355512984
1355513008
1355513024
1355513057
1355513099
1355513151
1355513213
1355513273
1355513279
1355513332
1355513344
1355513350
1355513371
1355513394
1355513451
1355513458
1355513471
1355513523
1355513554
1355513566
1355513590
1355513606
1355513630
1355513635
1355513660
1355513709
1355513718
1355513799
1355513812
1355513812
1355513839
1355513857
1355513900
1355513911
1355513933
1355514037
1355514081
1355514148
1355514190
1355514214
1355514221
1355514238
1355514296
1355514313
1355514382
1355514398
1355514509
1355514524
1355514527
1355514538
1355514544
1355514554
1355514557
1355514562
1355514577
1355514587
1355514594
1355514595
1355514596
1355514607
1355514624
1355514634
1355514643
1355514654
1355514658
1355514684
1355514690
1355514695
1355514695
1355514695
1355514705
1355514712
1355514725
1355514727
1355514729
1355514752
1355514759
1355514763
1355514776
1355514794
1355514797
1355514819
1355514820
1355514836
1355514863
1355514866
1355514872
1355514878
1355514885
1355514908
1355514917
1355514940
1355514969
1355514977
1355514985
1355514987
1355514988
1355514992
1355515021
1355515026
1355515029
1355515052
1355515053
1355515057
1355515059
1355515060
1355515067
1355515067
1355515068
1355515071
1355515083
1355515114
1355515135
1355515138
1355515143
1355515158
1355515188
1355515195
1355515197
1355515211
1355515216
1355515224
1355515225
1355515231
1355515240
1355515248
1355515249
1355515279
1355515285
1355515329
1355515346
1355515366
1355515375
1355515396
1355515399
1355515424
1355515424
1355515426
1355515451
1355515472
1355515478
1355515485
1355515486
1355515502
1355515509
1355515522
1355515526
1355515533
1355515541
1355515541
1355515542
1355515548
1355515559
1355515573
1355515576
1355515578
1355515579
1355515579
1355515580
1355515593
1355515594
1355515606
1355515611
1355515627
1355515628
1355515631
1355515635
1355515659
1355515659
1355515662
1355515667
1355515685
1355515713
1355515715
1355515719
1355515724
1355515729
1355515736
1355515755
1355515781
1355515788
1355515805
1355515819
1355515820
1355515826
1355515827
1355515831
1355515852
1355515853
1355515872
1355515877
1355515880
1355515895
1355515904
1355515914
1355515914
1355515915
1355515927
1355515930
1355515940
1355515951
1355515958
1355515958
1355515959
1355515959
1355515963
1355515964
1355515965
1355515966
1355515978
1355515991
1355515993
1355516006
1355516011
1355516014
1355516022
1355516042
1355516046
1355516060
1355516068
1355516074
1355516078
1355516078
1355516084
1355516090
1355516090
1355516090
1355516092
1355516102
1355516106
1355516119
1355516120
1355516121
1355516124
1355516138
1355516144
1355516144
1355516159
1355516159
1355516160
1355516165
1355516185
1355516193
1355516194
1355516198
1355516211
1355516213
1355516215
1355516242
1355516260
1355516262
1355516272
1355516291
1355516295
1355516324
1355516327
1355516329
1355516343
1355516344
1355516351
1355516359
1355516364
1355516370
1355516374
1355516378
1355516380
1355516380
1355516381
1355516382
1355516388
1355516419
1355516426
1355516434
1355516436
1355516440
1355516446
1355516450
1355516455
1355516465
1355516474
1355516476
1355516482
1355516483
1355516488
1355516490
1355516490
1355516499
1355516505
1355516521
1355516524
1355516527
1355516531
1355516542
1355516551
1355516557
1355516564
1355516575
1355516578
1355516578
1355516586
1355516592
1355516596
1355516617
1355516621
1355516626
1355516634
1355516640
1355516641
1355516650
1355516653
1355516661
1355516662
1355516682
1355516684
1355516687
1355516689
1355516689
1355516702
1355516703
1355516710
1355516712
1355516728
1355516737
1355516737
1355516741
1355516746
1355516746
1355516759
1355516761
1355516779
1355516781
1355516782
1355516783
1355516788
1355516811
1355516812
1355516823
1355516825
1355516829
1355516841
1355516852
1355516870
1355516877
1355516882
1355516895
1355516904
1355516906
1355516919
1355516921
1355516923
1355516930
1355516938
1355516949
1355516954
1355516964
1355516977
1355516981
1355516986
1355516987
1355517004
1355517009
1355517027
1355517030
1355517033
1355517035
1355517036
1355517045
1355517050
1355517059
1355517062
1355517062
1355517066
1355517068
1355517074
1355517076
1355517076
1355517079
1355517084
1355517089
1355517093
1355517096
1355517100
1355517100
1355517117
1355517119
1355517120
1355517122
1355517129
1355517130
1355517158
1355517162
1355517168
1355517170
1355517178
1355517202
1355517206
1355517214
1355517215
1355517218
1355517220
1355517225
1355517226
1355517235
1355517235
1355517245
1355517253
1355517255
1355517256
1355517256
1355517263
1355517264
1355517267
1355517268
1355517270
1355517276
1355517277
1355517280
1355517284
1355517290
1355517295
1355517297
1355517297
1355517300
1355517302
1355517305
1355517306
1355517309
1355517311
1355517314
1355517321
1355517323
1355517325
1355517329
1355517333
1355517343
1355517343
1355517351
1355517353
1355517359
1355517360
1355517372
1355517375
1355517390
1355517397
1355517398
1355517400
1355517406
1355517406
1355517407
1355517407
1355517413
1355517447
1355517448
1355517449
1355517450
1355517455
1355517461
1355517465
1355517484
1355517495
1355517506
1355517509
1355517522
1355517525
1355517525
1355517528
1355517529
1355517530
1355517530
1355517535
1355517541
1355517544
1355517549
1355517550
1355517552
1355517556
1355517557
1355517557
1355517564
1355517582
1355517595
1355517606
1355517617
1355517623
1355517625
1355517637
1355517646
1355517656
1355517663
1355517663
1355517670
1355517679
1355517683
1355517691
1355517698
1355517701
1355517701
1355517703
1355517706
1355517727
1355517729
1355517747
1355517749
1355517753
1355517754
1355517757
1355517758
1355517758
1355517760
1355517762
1355517765
1355517765
1355517766
1355517791
1355517797
1355517801
1355517808
1355517810
1355517815
1355517819
1355517823
1355517828
1355517831
1355517833
1355517838
1355517841
1355517842
1355517843
1355517846
1355517848
1355517853
1355517863
1355517865
1355517867
1355517886
1355517902
1355517906
1355517912
1355517917
1355517920
1355517927
1355517932
1355517933
1355517939
1355517943
1355517950
1355517955
1355517959
1355517961
1355517965
1355517976
1355517989
1355517990
1355517990
1355517991
1355517994
1355518003
1355518010
1355518016
1355518027
1355518033
1355518039
1355518039
1355518040
1355518043
1355518047
1355518047
1355518047
1355518048
1355518057
1355518061
1355518062
1355518065
1355518069
1355518070
1355518074
1355518075
1355518079
1355518083
1355518091
1355518093
1355518099
1355518102
1355518104
1355518104
1355518105
1355518108
1355518112
1355518117
1355518120
1355518128
1355518146
1355518149
1355518151
1355518152
1355518156
1355518160
1355518165
1355518168
1355518175
1355518218
1355518225
1355518229
1355518231
1355518232
1355518234
1355518238
1355518239
1355518242
1355518243
1355518243
1355518244
1355518247
1355518249
1355518251
1355518251
1355518275
1355518277
1355518284
1355518287
1355518309
1355518322
1355518322
1355518328
1355518337
1355518346
1355518351
1355518352
1355518353
1355518354
1355518357
1355518358
1355518359
1355518359
1355518362
1355518368
1355518368
1355518373
1355518383
1355518384
1355518386
1355518388
1355518399
1355518419
1355518427
1355518430
1355518432
1355518441
1355518443
1355518453
1355518459
1355518463
1355518464
1355518467
1355518485
1355518499
1355518502
1355518502
1355518502
1355518503
1355518510
1355518529
1355518529
1355518534
1355518546
1355518553
1355518558
1355518562
1355518565
1355518578
1355518584
1355518586
1355518587
1355518595
1355518596
1355518599
1355518600
1355518600
1355518607
1355518607
1355518613
1355518617
1355518617
1355518621
1355518622
1355518622
1355518622
1355518632
1355518633
1355518646
1355518650
1355518652
1355518657
1355518658
1355518659
1355518663
1355518671
1355518674
1355518683
1355518686
1355518705
1355518713
1355518719
1355518720
1355518720
1355518722
1355518723
1355518727
1355518733
1355518737
1355518738
1355518745
1355518746
1355518747
1355518748
1355518764
1355518767
1355518783
1355518784
1355518787
1355518788
1355518788
1355518795
1355518797
1355518800
1355518826
1355518829
1355518833
1355518835
1355518840
1355518842
1355518855
1355518858
1355518860
1355518861
1355518862
1355518863
1355518864
1355518874
1355518874
1355518880
1355518881
1355518893
1355518897
1355518911
1355518916
1355518921
1355518923
1355518927
1355518931
1355518933
1355518935
1355518936
1355518940
1355518941
1355518941
1355518944
1355518945
1355518946
1355518947
1355518959
1355518967
1355518974
1355518975
1355518978
1355518984
1355518985
1355518987
1355518990
1355518994
1355518996
1355518996
1355518996
1355519025
1355519029
1355519031
1355519032
1355519048
1355519051
1355519052
1355519062
1355519083
1355519089
1355519091
1355519092
1355519095
1355519095
1355519101
1355519102
1355519104
1355519105
1355519113
1355519117
1355519122
1355519122
1355519124
1355519128
1355519131
1355519155
1355519155
1355519156
1355519161
1355519162
1355519166
1355519178
1355519181
1355519182
1355519183
1355519190
1355519202
1355519204
1355519205
1355519208
1355519221
1355519224
1355519225
1355519238
1355519240
1355519243
1355519244
1355519249
1355519250
1355519253
1355519261
1355519266
1355519267
1355519280
1355519288
1355519295
1355519298
1355519303
1355519312
1355519314
1355519318
1355519337
1355519338
1355519339
1355519355
1355519373
1355519377
1355519384
1355519386
1355519390
1355519391
1355519395
1355519396
1355519403
1355519415
1355519418
1355519421
1355519426
1355519427
1355519430
1355519431
1355519440
1355519441
1355519444
1355519445
1355519455
1355519471
1355519472
1355519479
1355519480
1355519492
1355519503
1355519516
1355519517
1355519525
1355519538
1355519539
1355519540
1355519546
1355519548
1355519549
1355519552
1355519567
1355519585
1355519595
1355519598
1355519598
1355519599
1355519608
1355519610
1355519615
1355519633
1355519639
1355519640
1355519645
1355519647
1355519652
1355519664
1355519666
1355519675
1355519686
1355519690
1355519698
1355519699
1355519705
1355519711
1355519726
1355519738
1355519742
1355519754
1355519754
1355519755
1355519760
1355519763
1355519769
1355519771
1355519776
1355519778
1355519786
1355519787
1355519803
1355519815
1355519820
1355519822
1355519824
1355519825
1355519826
1355519840
1355519844
1355519846
1355519855
1355519856
1355519868
1355519872
1355519874
1355519876
1355519877
1355519881
1355519881
1355519896
1355519900
1355519909
1355519910
1355519912
1355519916
1355519917
1355519919
1355519919
1355519920
1355519925
1355519927
1355519929
1355519934
1355519939
1355519942
1355519954
1355519955
1355519957
1355519961
1355519964
1355519968
1355519968
1355519978
1355519982
1355519991
1355520005
1355520015
1355520025
1355520031
1355520034
1355520036
1355520049
1355520051
1355520068
1355520072
1355520072
1355520075
1355520080
1355520088
1355520088
1355520089
1355520096
1355520101
1355520104
1355520110
1355520117
1355520126
1355520130
1355520136
1355520145
1355520159
1355520165
1355520169
1355520175
1355520177
1355520182
1355520194
1355520197
1355520202
1355520204
1355520213
1355520224
1355520225
1355520226
1355520231
1355520234
1355520242
1355520244
1355520245
1355520253
1355520253
1355520256
1355520257
1355520262
1355520268
1355520274
1355520279
1355520281
1355520282
1355520291
1355520295
1355520296
1355520297
1355520298
1355520305
1355520305
1355520312
1355520313
1355520324
1355520324
1355520337
1355520341
1355520345
1355520346
1355520351
1355520368
1355520379
1355520388
1355520396
1355520407
1355520407
1355520409
1355520411
1355520411
1355520412
1355520418
1355520418
1355520420
1355520422
1355520424
1355520428
1355520432
1355520441
1355520455
1355520461
1355520468
1355520481
1355520492
1355520498
1355520499
1355520505
1355520514
1355520519
1355520523
1355520532
1355520544
1355520553
1355520554
1355520558
1355520558
1355520563
1355520566
1355520569
1355520571
1355520580
1355520585
1355520587
1355520589
1355520594
1355520594
1355520595
1355520596
1355520600
1355520609
1355520613
1355520616
1355520624
1355520628
1355520629
1355520640
1355520644
1355520647
1355520649
1355520651
1355520656
1355520658
1355520663
1355520664
1355520681
1355520693
1355520695
1355520697
1355520698
1355520699
1355520700
1355520700
1355520701
1355520705
1355520710
1355520711
1355520712
1355520723
1355520732
1355520741
1355520747
1355520753
1355520755
1355520756
1355520758
1355520761
1355520763
1355520766
1355520771
1355520774
1355520784
1355520787
1355520813
1355520816
1355520817
1355520820
1355520825
1355520843
1355520848
1355520868
1355520870
1355520873
1355520873
1355520878
1355520885
1355520887
1355520890
1355520899
1355520907
1355520910
1355520914
1355520914
1355520918
1355520928
1355520947
1355520953
1355520963
1355520963
1355520970
1355520972
1355520983
1355520983
1355520991
1355521003
1355521005
1355521011
1355521011
1355521016
1355521018
1355521025
1355521026
1355521031
1355521043
1355521044
1355521047
1355521049
1355521049
1355521053
1355521056
1355521063
1355521063
1355521067
1355521069
1355521072
1355521079
1355521091
1355521098
1355521101
1355521106
1355521124
1355521124
1355521137
1355521138
1355521140
1355521147
1355521151
1355521162
1355521167
1355521173
1355521174
1355521178
1355521179
1355521186
1355521198
1355521220
1355521222
1355521225
1355521229
1355521232
1355521260
1355521261
1355521261
1355521271
1355521277
1355521277
1355521291
1355521293
1355521293
1355521299
1355521300
1355521314
1355521318
1355521318
1355521320
1355521322
1355521323
1355521323
1355521324
1355521328
1355521342
1355521346
1355521347
1355521352
1355521356
1355521357
1355521357
1355521369
1355521375
1355521379
1355521400
1355521404
1355521412
1355521417
1355521422
1355521434
1355521444
1355521447
1355521475
1355521478
1355521479
1355521479
1355521483
1355521489
1355521495
1355521495
1355521503
1355521507
1355521508
1355521518
1355521527
1355521533
1355521535
1355521537
1355521548
1355521550
1355521556
1355521564
1355521583
1355521591
1355521593
1355521599
1355521606
1355521611
1355521615
1355521623
1355521629
1355521629
1355521630
1355521636
1355521643
1355521644
1355521652
1355521660
1355521681
1355521692
1355521695
1355521719
1355521723
1355521726
1355521726
1355521727
1355521732
1355521734
1355521738
1355521741
1355521743
1355521747
1355521752
1355521761
1355521764
1355521781
1355521783
1355521805
1355521805
1355521808
1355521809
1355521825
1355521835
1355521835
1355521845
1355521845
1355521862
1355521868
1355521877
1355521880
1355521880
1355521890
1355521897
1355521898
1355521900
1355521910
1355521910
1355521910
1355521915
1355521925
1355521932
1355521934
1355521944
1355521945
1355521950
1355521953
1355521966
1355521980
1355521982
1355521988
1355521991
1355521994
1355521998
1355522006
1355522031
1355522035
1355522042
1355522047
1355522050
1355522065
1355522070
1355522073
1355522075
1355522078
1355522080
1355522082
1355522084
1355522088
1355522089
1355522091
1355522094
1355522123
1355522130
1355522137
1355522138
1355522141
1355522148
1355522150
1355522151
1355522181
1355522195
1355522196
1355522199
1355522205
1355522208
1355522211
1355522216
1355522226
1355522229
1355522238
1355522243
1355522257
1355522259
1355522264
1355522267
1355522273
1355522277
1355522292
1355522304
1355522304
1355522327
1355522337
1355522337
1355522339
1355522345
1355522348
1355522351
1355522359
1355522359
1355522363
1355522378
1355522393
1355522394
1355522395
1355522405
1355522406
1355522413
1355522434
1355522443
1355522447
1355522455
1355522458
1355522464
1355522468
1355522471
1355522473
1355522478
1355522483
1355522492
1355522495
1355522500
1355522504
1355522509
1355522529
1355522560
1355522560
1355522565
1355522576
1355522596
1355522601
1355522602
1355522603
1355522609
1355522613
1355522634
1355522647
1355522664
1355522666
1355522669
1355522673
1355522682
1355522693
1355522706
1355522717
1355522721
1355522723
1355522726
1355522732
1355522747
1355522758
1355522764
1355522771
1355522774
1355522777
1355522781
1355522782
1355522793
1355522793
1355522800
1355522829
1355522832
1355522837
1355522848
1355522848
1355522853
1355522860
1355522863
1355522871
1355522880
1355522933
1355522937
1355522943
1355522946
1355522955
1355522967
1355522984
1355522984
1355522985
1355522985
1355522986
1355522987
1355522988
1355523006
1355523008
1355523011
1355523011
1355523025
1355523035
1355523035
1355523041
1355523049
1355523054
1355523055
1355523058
1355523072
1355523073
1355523075
1355523075
1355523076
1355523096
1355523105
1355523128
1355523128
1355523134
1355523138
1355523141
1355523151
1355523152
1355523167
1355523171
1355523181
1355523184
1355523190
1355523199
1355523200
1355523212
1355523216
1355523216
1355523219
1355523221
1355523235
1355523238
1355523239
1355523240
1355523269
1355523283
1355523284
1355523288
1355523307
1355523322
1355523332
1355523335
1355523337
1355523343
1355523352
1355523353
1355523354
1355523356
1355523360
1355523382
1355523386
1355523387
1355523395
1355523407
1355523421
1355523424
1355523439
1355523446
1355523448
1355523450
1355523453
1355523458
1355523465
1355523479
1355523480
1355523482
1355523498
1355523529
1355523540
1355523546
1355523562
1355523598
1355523605
1355523615
1355523623
1355523628
1355523635
1355523643
1355523643
1355523652
1355523656
1355523680
1355523684
1355523684
1355523688
1355523692
1355523694
1355523696
1355523713
1355523722
1355523730
1355523744
1355523756
1355523759
1355523762
1355523764
1355523768
1355523780
1355523788
1355523796
1355523797
1355523799
1355523809
1355523810
1355523825
1355523837
1355523848
1355523860
1355523872
1355523873
1355523873
1355523874
1355523876
1355523878
1355523888
1355523889
1355523890
1355523894
1355523895
1355523904
1355523915
1355523929
1355523936
1355523952
1355523957
1355523999
1355523999
1355524014
1355524027
1355524030
1355524044
1355524048
1355524069
1355524073
1355524080
1355524095
1355524116
1355524123
1355524124
1355524130
1355524150
1355524158
1355524159
1355524160
1355524163
1355524165
1355524166
1355524189
1355524204
1355524207
1355524210
1355524228
1355524233
1355524235
1355524237
1355524256
1355524259
1355524261
1355524263
1355524274
1355524281
1355524281
1355524283
1355524283
1355524286
1355524294
1355524300
1355524316
1355524324
1355524362
1355524367
1355524368
1355524374
1355524377
1355524383
1355524384
1355524393
1355524396
1355524397
1355524402
1355524411
1355524415
1355524417
1355524427
1355524448
1355524458
1355524485
1355524490
1355524511
1355524558
1355524590
1355524590
1355524598
1355524605
1355524615
1355524623
1355524626
1355524627
1355524636
1355524642
1355524643
1355524644
1355524667
1355524669
1355524674
1355524691
1355524721
1355524723
1355524728
1355524730
1355524736
1355524739
1355524755
1355524759
1355524777
1355524777
1355524780
1355524785
1355524798
1355524800
1355524832
1355524833
1355524833
1355524840
1355524852
1355524863
1355524864
1355524870
1355524886
1355524897
1355524913
1355524916
1355524916
1355524920
1355524922
1355524927
1355524930
1355524937
1355524975
1355524984
1355524993
1355524994
1355524999
1355525001
1355525013
1355525020
1355525027
1355525048
1355525071
1355525087
1355525089
1355525106
1355525109
1355525112
1355525120
1355525135
1355525137
1355525148
1355525163
1355525171
1355525171
1355525199
1355525225
1355525237
1355525251
1355525265
1355525280
1355525304
1355525308
1355525308
1355525310
1355525312
1355525313
1355525314
1355525324
1355525345
1355525346
1355525362
1355525376
1355525381
1355525407
1355525411
1355525412
1355525415
1355525461
1355525461
1355525494
1355525494
1355525517
1355525518
1355525566
1355525568
1355525577
1355525579
1355525584
1355525590
1355525592
1355525593
1355525604
1355525604
1355525608
1355525625
1355525637
1355525639
1355525656
1355525681
1355525696
1355525708
1355525712
1355525731
1355525731
1355525733
1355525735
1355525737
1355525745
1355525749
1355525752
1355525772
1355525772
1355525791
1355525804
1355525806
1355525821
1355525849
1355525857
1355525870
1355525877
1355525879
1355525882
1355525885
1355525896
1355525926
1355525927
1355525932
1355525933
1355525933
1355525952
1355525955
1355526026
1355526036
1355526053
1355526058
1355526060
1355526068
1355526076
1355526079
1355526093
1355526094
1355526099
1355526111
1355526120
1355526137
1355526162
1355526165
1355526167
1355526169
1355526175
1355526175
1355526176
1355526185
1355526195
1355526200
1355526203
1355526228
1355526238
1355526239
1355526245
1355526247
1355526259
1355526263
1355526276
1355526276
1355526296
1355526303
1355526305
1355526315
1355526323
1355526329
1355526330
1355526348
1355526349
1355526368
1355526369
1355526374
1355526387
1355526388
1355526396
1355526399
1355526407
1355526410
1355526412
1355526416
1355526421
1355526427
1355526427
1355526434
1355526435
1355526448
1355526458
1355526481
1355526488
1355526501
1355526522
1355526530
1355526534
1355526546
1355526563
1355526563
1355526567
1355526572
1355526581
1355526591
1355526596
1355526598
1355526604
1355526604
1355526604
1355526608
1355526612
1355526623
1355526623
1355526633
1355526647
1355526661
1355526665
1355526684
1355526686
1355526693
1355526699
1355526712
1355526729
1355526754
1355526759
1355526762
1355526782
1355526789
1355526790
1355526805
1355526820
1355526822
1355526828
1355526832
1355526837
1355526838
1355526841
1355526842
1355526846
1355526847
1355526852
1355526873
1355526884
1355526893
1355526925
1355526962
1355526964
1355526981
1355526983
1355526985
1355526988
1355526997
1355527004
1355527008
1355527020
1355527021
1355527028
1355527033
1355527035
1355527038
1355527046
1355527057
1355527067
1355527073
1355527099
1355527107
1355527114
1355527119
1355527119
1355527130
1355527144
1355527162
1355527166
1355527179
1355527191
1355527197
1355527198
1355527210
1355527221
1355527226
1355527229
1355527237
1355527246
1355527256
1355527259
1355527264
1355527265
1355527266
1355527266
1355527297
1355527305
1355527321
1355527330
1355527347
1355527367
1355527378
1355527381
1355527409
1355527415
1355527424
1355527457
1355527457
1355527460
1355527461
1355527475
1355527518
1355527520
1355527529
1355527544
1355527559
1355527576
1355527583
1355527604
1355527614
1355527616
1355527619
1355527623
1355527628
1355527631
1355527652
1355527657
1355527674
1355527677
1355527684
1355527690
1355527690
1355527691
1355527692
1355527692
1355527705
1355527708
1355527717
1355527718
1355527736
1355527743
1355527745
1355527745
1355527746
1355527761
1355527772
1355527776
1355527792
1355527794
1355527805
1355527835
1355527836
1355527840
1355527843
1355527844
1355527851
1355527851
1355527867
1355527880
1355527886
1355527893
1355527896
1355527913
1355527919
1355527944
1355527948
1355527956
1355527967
1355527967
1355527978
1355528004
1355528006
1355528031
1355528033
1355528039
1355528053
1355528061
1355528068
1355528076
1355528082
1355528098
1355528107
1355528109
1355528110
1355528119
1355528132
1355528134
1355528140
1355528140
1355528156
1355528168
1355528169
1355528170
1355528184
1355528195
1355528218
1355528235
1355528269
1355528308
1355528312
1355528318
1355528320
1355528325
1355528332
1355528349
1355528357
1355528357
1355528387
1355528390
1355528391
1355528395
1355528417
1355528448
1355528468
1355528473
1355528501
1355528503
1355528527
1355528534
1355528534
1355528568
1355528581
1355528594
1355528601
1355528604
1355528613
1355528642
1355528649
1355528675
1355528691
1355528713
1355528715
1355528721
1355528724
1355528726
1355528727
1355528734
1355528741
1355528744
1355528751
1355528779
1355528795
1355528803
1355528815
1355528851
1355528857
1355528897
1355528898
1355528907
1355528910
1355528925
1355528943
1355528945
1355528990
1355528992
1355529020
1355529023
1355529031
1355529033
1355529034
1355529048
1355529060
1355529095
1355529105
1355529107
1355529129
1355529142
1355529167
1355529202
1355529225
1355529235
1355529241
1355529241
1355529248
1355529263
1355529265
1355529273
1355529304
1355529308
1355529318
1355529323
1355529340
1355529346
1355529368
1355529395
1355529402
1355529405
1355529406
1355529407
1355529412
1355529421
1355529447
1355529456
1355529458
1355529468
1355529479
1355529481
1355529481
1355529488
1355529494
1355529513
1355529535
1355529542
1355529543
1355529546
1355529546
1355529550
1355529550
1355529552
1355529555
1355529559
1355529561
1355529565
1355529579
1355529582
1355529592
1355529592
1355529599
1355529615
1355529618
1355529622
1355529624
1355529637
1355529638
1355529639
1355529649
1355529649
1355529657
1355529661
1355529661
1355529663
1355529670
1355529673
1355529707
1355529729
1355529733
1355529742
1355529747
1355529747
1355529748
1355529765
1355529773
1355529777
1355529780
1355529791
1355529797
1355529820
1355529820
1355529826
1355529831
1355529833
1355529834
1355529843
1355529847
1355529852
1355529869
1355529872
1355529880
1355529882
1355529890
1355529890
1355529904
1355529916
1355529927
1355529945
1355529959
1355529986
1355530001
1355530012
1355530018
1355530019
1355530024
1355530036
1355530045
1355530046
1355530050
1355530057
1355530057
1355530076
1355530078
1355530094
1355530105
1355530115
1355530128
1355530178
1355530192
1355530196
1355530208
1355530221
1355530245
1355530265
1355530284
1355530304
1355530311
1355530323
1355530358
1355530358
1355530363
1355530394
1355530398
1355530410
1355530412
1355530425
1355530461
1355530507
1355530523
1355530536
1355530541
1355530548
1355530566
1355530569
1355530574
1355530585
1355530588
1355530589
1355530595
1355530601
1355530608
1355530622
1355530628
1355530664
1355530665
1355530700
1355530713
1355530714
1355530726
1355530726
1355530736
1355530744
1355530747
1355530798
1355530807
1355530808
1355530811
1355530818
1355530826
1355530828
1355530831
1355530833
1355530852
1355530863
1355530870
1355530891
1355530903
1355530920
1355530926
1355530929
1355530944
1355530944
1355530951
1355530956
1355530999
1355531005
1355531014
1355531043
1355531123
1355531133
1355531168
1355531187
1355531188
1355531189
1355531207
1355531214
1355531226
1355531229
1355531231
1355531242
1355531244
1355531267
1355531270
1355531301
1355531353
1355531365
1355531381
1355531381
1355531384
1355531451
1355531461
1355531471
1355531473
1355531502
1355531542
1355531552
1355531564
1355531568
1355531573
1355531640
1355531641
1355531649
1355531681
1355531690
1355531694
1355531745
1355531760
1355531777
1355531814
1355531817
1355531820
1355531845
1355531869
1355531871
1355531898
1355531935
1355531985
1355531995
1355532031
1355532041
1355532059
1355532083
1355532151
1355532187
1355532193
1355532193
1355532251
1355532261
1355532267
1355532269
1355532303
1355532306
1355532309
1355532321
1355532323
1355532324
1355532325
1355532346
1355532363
1355532370
1355532385
1355532404
1355532422
1355532443
1355532444
1355532454
1355532460
1355532462
1355532463
1355532483
1355532485
1355532515
1355532516
1355532526
1355532539
1355532554
1355532560
1355532571
1355532590
1355532623
1355532624
1355532640
1355532664
1355532666
1355532673
1355532678
1355532745
1355532777
1355532789
1355532838
1355532859
1355532888
1355532892
1355532914
1355532948
1355533003
1355533013
1355533015
1355533017
1355533055
1355533075
1355533088
1355533115
1355533121
1355533146
1355533183
1355533199
1355533215
1355533247
1355533251
1355533273
1355533274
1355533282
1355533286
1355533294
1355533314
1355533316
1355533328
1355533329
1355533356
1355533359
1355533371
1355533431
1355533459
1355533492
1355533535
1355533551
1355533576
1355533588
1355533590
1355533592
1355533596
1355533607
1355533625
1355533643
1355533649
1355533657
1355533691
1355533721
1355533789
1355533859
1355533875
1355533910
1355533913
1355533953
1355533954
1355533961
1355533961
1355533968
1355533971
1355533976
1355533999
1355534012
1355534019
1355534021
1355534027
1355534046
1355534056
1355534085
1355534085
1355534091
1355534120
1355534132
1355534136
1355534175
1355534185
1355534219
1355534234
1355534284
1355534308
1355534321
1355534363
1355534455
1355534557
1355534562
1355534603
1355534618
1355534622
1355534627
1355534632
1355534701
1355534703
1355534703
1355534708
1355534727
1355534732
1355534740
1355534753
1355534792
1355534797
1355534806
1355534807
1355534823
1355534859
1355534866
1355534896
1355534906
1355534931
1355534932
1355534943
1355534954
1355534984
1355534998
1355535043
1355535061
1355535064
1355535114
1355535200
1355535208
1355535302
1355535319
1355535338
1355535342
1355535358
1355535366
1355535387
1355535412
1355535416
1355535493
1355535535
1355535580
1355535586
1355535610
1355535616
1355535628
1355535659
1355535688
1355535786
1355535799
1355535809
1355535833
1355535837
1355535851
1355535855
1355535872
1355535905
1355535924
1355535926
1355535937
1355535955
1355535974
1355535982
1355535996
1355536007
1355536013
1355536062
1355536064
1355536093
1355536112
1355536167
1355536193
1355536238
1355536260
1355536307
1355536315
1355536321
1355536349
1355536375
1355536381
1355536385
1355536385
1355536391
1355536420
1355536462
1355536500
1355536506
1355536533
1355536544
1355536550
1355536603
1355536609
1355536631
1355536695
1355536721
1355536721
1355536750
1355536757
1355536765
1355536853
1355536867
1355536922
1355536957
1355536982
1355537007
1355537046
1355537080
1355537094
1355537101
1355537111
1355537160
1355537165
1355537177
1355537183
1355537250
1355537265
1355537279
1355537281
1355537318
1355537358
1355537363
1355537419
1355537432
1355537441
1355537445
1355537482
1355537485
1355537489
1355537493
1355537499
1355537513
1355537562
1355537563
1355537578
1355537609
1355537630
1355537646
1355537673
1355537684
1355537720
1355537729
1355537743
1355537790
1355537802
1355537809
1355537814
1355537829
1355537829
1355537831
1355537832
1355537836
1355537864
1355537897
1355537919
1355537919
1355537930
1355537947
1355537951
1355537956
1355537960
1355537977
1355538028
1355538061
1355538066
1355538085
1355538111
1355538184
1355538288
1355538292
1355538306
1355538318
1355538338
1355538363
1355538379
1355538391
1355538423
1355538434
1355538439
1355538446
1355538469
1355538491
1355538504
1355538512
1355538517
1355538567
1355538569
1355538587
1355538606
1355538636
1355538642
1355538648
1355538657
1355538666
1355538702
1355538712
1355538716
1355538772
1355538773
1355538785
1355538802
1355538857
1355538883
1355538884
1355538886
1355538925
1355538944
1355538984
1355538985
1355538997
1355539017
1355539045
1355539098
1355539108
1355539120
1355539133
1355539144
1355539150
1355539159
1355539175
1355539180
1355539208
1355539229
1355539230
1355539269
1355539283
1355539289
1355539308
1355539389
1355539412
1355539451
1355539479
1355539482
1355539555
1355539575
1355539585
1355539591
1355539592
1355539636
1355539639
1355539671
1355539725
1355539726
1355539734
1355539739
1355539766
1355539768
1355539775
1355539807
1355539807
1355539817
1355539819
1355539822
1355539827
1355539831
1355539852
1355539888
1355539897
1355539911
1355539932
1355539941
1355539943
1355539982
1355540001
1355540009
1355540052
1355540115
1355540119
1355540131
1355540155
1355540266
1355540267
1355540273
1355540340
1355540389
1355540417
1355540443
1355540469
1355540474
1355540488
1355540491
1355540511
1355540516
1355540558
1355540564
1355540646
1355540662
1355540692
1355540699
1355540726
1355540734
1355540820
1355540847
1355540852
1355540868
1355540903
1355540937
1355540941
1355540944
1355540967
1355540967
1355540997
1355541001
1355541016
1355541033
1355541072
1355541082
1355541100
1355541150
1355541158
1355541274
1355541296
1355541317
1355541326
1355541333
1355541386
1355541427
1355541442
1355541474
1355541506
1355541511
1355541562
1355541598
1355541658
1355541672
1355541676
1355541685
1355541752
1355541761
1355541791
1355541895
1355541898
1355542025
1355542025
1355542030
1355542043
1355542060
1355542090
1355542103
1355542167
1355542188
1355542199
1355542216
1355542242
1355542251
1355542284
1355542303
1355542324
1355542358
1355542451
1355542459
1355542476
1355542489
1355542523
1355542543
1355542546
1355542566
1355542620
1355542635
1355542638
1355542639
1355542640
1355542654
1355542675
1355542683
1355542717
1355542724
1355542735
1355542754
1355542762
1355542811
1355542818
1355542846
1355542852
1355542865
1355542900
1355542917
1355542933
1355542957
1355542958
1355542988
1355543001
1355543008
1355543008
1355543072
1355543079
1355543095
1355543220
1355543248
1355543257
1355543261
1355543306
1355543318
1355543321
1355543332
1355543355
1355543374
1355543377
1355543407
1355543432
1355543440
1355543447
1355543452
1355543462
1355543475
1355543497
1355543513
1355543564
1355543574
1355543619
1355543622
1355543637
1355543674
1355543732
1355543735
1355543740
1355543752
1355543760
1355543781
1355543804
1355543867
1355543900
1355543905
1355543956
1355543964
1355544002
1355544014
1355544069
1355544124
1355544160
1355544196
1355544197
1355544202
1355544210
1355544231
1355544236
1355544245
1355544280
1355544307
1355544335
1355544356
1355544361
1355544385
1355544398
1355544403
1355544446
1355544508
1355544566
1355544581
1355544595
1355544613
1355544628
1355544629
1355544684
1355544701
1355544731
1355544737
1355544756
1355544758
1355544825
1355544826
1355544831
1355544834
1355544948
1355545009
1355545021
1355545074
1355545080
1355545107
1355545110
1355545127
1355545149
1355545185
1355545192
1355545199
1355545203
1355545210
1355545213
1355545253
1355545282
1355545293
1355545308
1355545351
1355545371
1355545373
1355545503
1355545509
1355545516
1355545523
1355545533
1355545674
1355545721
1355545751
1355545783
1355545816
1355545829
1355545840
1355545861
1355545892
1355545900
1355545964
1355545965
1355545967
1355545968
1355545971
1355545997
1355545997
1355546006
1355546059
1355546090
1355546102
1355546125
1355546159
1355546204
1355546224
1355546226
1355546241
1355546248
1355546299
1355546330
1355546352
1355546377
1355546391
1355546405
1355546521
1355546573
1355546596
1355546612
1355546694
1355546721
1355546756
1355546812
1355546870
1355546881
1355546944
1355546946
1355547057
1355547062
1355547086
1355547138
1355547144
1355547154
1355547188
1355547255
1355547276
1355547293
1355547310
1355547315
1355547331
1355547374
1355547404
1355547409
1355547452
1355547486
1355547497
1355547500
1355547718
1355547802
1355547841
1355548004
1355548013
1355548106
1355548157
1355548184
1355548272
1355548284
1355548324
1355548356
1355548397
1355548546
1355548665
1355548695
1355548819
1355548922
1355548923
1355548943
1355548980
1355549077
1355549108
1355549214
1355549217
1355549368
1355549412
1355549436
1355549493
1355549514
1355549518
1355549523
1355549534
1355549575
1355549675
1355549676
1355549703
1355549808
1355549839
1355549856
1355549925
1355549927
1355549933
1355549955
1355549957
1355549980
1355550013
1355550020
1355550048
1355550057
1355550081
1355550084
1355550099
1355550149
1355550154
1355550191
1355550229
1355550544
1355550565
1355550640
1355550683
1355550694
1355550778
1355550803
1355550833
1355550908
1355550919
1355550942
1355550944
1355550960
1355550998
1355551003
1355551017
1355551020
1355551054
1355551122
1355551123
1355551130
1355551154
1355551157
1355551302
1355551372
1355551395
1355551487
1355551492
1355551512
1355551514
1355551522
1355551575
1355551686
1355551797
1355552021
1355552394
1355552452
1355552510
1355552571
1355552589
1355552645
1355552651
1355552705
1355552771
1355552794
1355552818
1355552924
1355552930
1355552954
1355553002
1355553089
1355553152
1355553282
1355553285
1355553294
1355553306
1355553316
1355553343
1355553361
1355553373
1355553385
1355553486
1355553536
1355553539
1355553610
1355553631
1355553634
1355553647
1355553690
1355553690
1355553701
1355553837
1355553900
1355554062
1355554396
1355554412
1355554426
1355554426
1355554547
1355554627
1355554681
1355554715
1355554740
1355554832
1355554894
1355555072
1355555090
1355555434
1355555658
1355555668
1355555692
1355555819
1355555863
1355555872
1355555951
1355556076
1355556166
1355556189
1355556203
1355556218
1355556244
1355556364
1355556491
1355556632
1355556663
1355557026
1355557086
1355557109
1355557142
1355557166
1355557199
1355557342
1355557360
1355557648
1355557741
1355557753
1355557772
1355557776
1355557793
1355558062
1355558208
1355558294
1355558348
1355558454
1355558492
1355558586
1355558912
1355558966
1355558970
1355559014
1355559038
1355559442
1355559572
1355559885
1355560488
1355560580
1355560924
1355560940
1355561011
1355561262
1355561355
1355561440
1355561535
1355561585
1355561623
1355561987
1355562640
1355563119
1355563240
1355563366
1355563885
1355564445
1355564694
1355564913
1355565010
1355565282
1355566271
1355566502
1355566755
1355566808
1355566961
1355567113
1355567136
1355567154
1355567272
1355567362
1355567765
1355567804
1355568450
1355568943
1355568946
1355569330
1355569811
1355570413
1355570589
1355570626
1355570779
1355571265
1355571666
1355572041
1355572504
1355572965
1355573082
1355573354
1355573483
1355573553
1355573580
1355573581
1355573747
1355573902
1355574027
1355574403
1355574415
1355574494
1355574719
1355574942
1355575100
1355575168
1355575298
1355575364
1355575552
1355576167
1355576266
1355576281
1355576300
1355576514
1355576570
1355576598
1355576619
1355576812
1355576834
1355576917
1355577008
1355577021
1355577023
1355577027
1355577032
1355577052
1355577083
1355577121
1355577242
1355577304
1355577325
1355577350
1355577442
1355577473
1355577493
1355577928
1355577966
1355577990
1355578102
1355578143
1355578298
1355578378
1355578422
1355578459
1355578490
1355578588
1355578630
1355578765
1355578838
1355578893
1355578976
1355579002
1355579003
1355579133
1355579155
1355579183
1355579212
1355579293
1355579430
1355579445
1355579460
1355579486
1355579503
1355579604
1355579641
1355579675
1355579683
1355579685
1355579761
1355579763
1355579805
1355579855
1355579918
1355580023
1355580027
1355580069
1355580111
1355580162
1355580204
1355580235
1355580242
1355580254
1355580287
1355580301
1355580365
1355580379
1355580379
1355580401
1355580483
1355580484
1355580672
1355580701
1355580759
1355580776
1355580780
1355580801
1355580815
1355580891
1355580942
1355581001
1355581001
1355581013
1355581129
1355581214
1355581256
1355581259
1355581271
1355581303
1355581358
1355581408
1355581424
1355581428
1355581468
1355581485
1355581497
1355581661
1355581735
1355581744
1355581777
1355581838
1355581903
1355581965
1355581969
1355581980
1355582013
1355582022
1355582043
1355582074
1355582088
1355582107
1355582206
1355582391
1355582406
1355582434
1355582440
1355582456
1355582522
1355582538
1355582578
1355582673
1355582779
1355582874
1355582903
1355582919
1355583127
1355583182
1355583195
1355583322
1355583333
1355583459
1355583499
1355583504
1355583583
1355583593
1355583622
1355583627
1355583725
1355583766
1355583782
1355583819
1355583924
1355583936
1355583978
1355583983
1355584030
1355584043
1355584063
1355584078
1355584167
1355584189
1355584374
1355584402
1355584438
1355584492
1355584540
1355584594
1355584613
1355584739
1355584765
1355584778
1355584830
1355584857
1355584968
1355585013
1355585013
1355585020
1355585123
1355585138
1355585194
1355585284
1355585308
1355585404
1355585420
1355585431
1355585568
1355585568
1355585581
1355585584
1355585586
1355585636
1355585678
1355585692
1355585815
1355585817
1355585891
1355585919
1355586010
1355586073
1355586084
1355586162
1355586193
1355586195
1355586287
1355586293
1355586300
1355586326
1355586360
1355586378
1355586525
1355586641
1355586666
1355586731
1355586747
1355586789
1355586854
1355586862
1355586964
1355586970
1355587062
1355587129
1355587241
1355587247
1355587308
1355587326
1355587442
1355587623
1355587638
1355587684
1355587712
1355587828
1355587950
1355587983
1355587987
1355588009
1355588042
1355588111
1355588199
1355588201
1355588296
1355588302
1355588336
1355588337
1355588338
1355588354
1355588371
1355588396
1355588411
1355588435
1355588483
1355588490
1355588501
1355588543
1355588604
1355588919
1355588955
1355588963
1355589154
1355589169
1355589211
1355589307
1355589404
1355589419
1355589479
1355589487
1355589528
1355589565
1355589586
1355589594
1355589612
1355589614
1355589626
1355589631
1355589682
1355589720
1355589846
1355589939
1355589952
1355589966
1355589967
1355589969
1355590027
1355590056
1355590099
1355590110
1355590147
1355590157
1355590161
1355590262
1355590316
1355590365
1355590372
1355590387
1355590402
1355590463
1355590495
1355590519
1355590573
1355590699
1355590816
1355590860
1355590887
1355590920
1355590955
1355591039
1355591120
1355591218
1355591371
1355591416
1355591433
1355591532
1355591549
1355591578
1355591592
1355591677
1355591748
1355591910
1355591945
1355591951
1355592064
1355592103
1355592109
1355592143
1355592356
1355592359
1355592452
1355592550
1355592698
1355592741
1355592881
1355592888
1355592916
1355592928
1355592932
1355592988
1355592999
1355593000
1355593009
1355593068
1355593122
1355593123
1355593161
1355593219
1355593266
1355593283
1355593324
1355593326
1355593359
1355593396
1355593402
1355593405
1355593467
1355593468
1355593528
1355593655
1355593805
1355593821
1355593867
1355593895
1355593897
1355594019
1355594036
1355594129
1355594213
1355594235
1355594392
1355594411
1355594453
1355594529
1355594574
1355594613
1355594672
1355594727
1355594923
1355594933
1355594952
1355595003
1355595037
1355595185
1355595328
1355595348
1355595425
1355595448
1355595641
1355595675
1355595757
1355595772
1355595821
1355595852
1355595864
1355596023
1355596046
1355596118
1355596227
1355596309
1355596357
1355596376
1355596524
1355596599
1355596658
1355596711
1355596718
1355596997
1355597030
1355597036
1355597059
1355597093
1355597157
1355597182
1355597194
1355597208
1355597299
1355597407
1355597455
1355597501
1355597501
1355597592
1355597596
1355597647
1355597666
1355597681
1355597761
1355597822
1355597853
1355597859
1355597900
1355597923
1355598093
1355598102
1355598168
1355598205
1355598239
1355598267
1355598395
1355598469
1355598549
1355598578
1355598672
1355598831
1355598838
1355598910
1355599091
1355599154
1355599187
1355599208
1355599269
1355599310
1355599313
1355599364
1355599413
1355599422
1355599453
1355599500
1355599527
1355599580
1355599709
1355599713
1355599788
1355599819
1355599848
1355599848
1355599876
1355599880
1355599967
1355599992
1355600028
1355600103
1355600152
1355600210
1355600266
1355600327
1355600341
1355600356
1355600389
1355600391
1355600398
1355600406
1355600572
1355600690
1355600696
1355600714
1355600801
1355600807
1355600820
1355600867
1355600881
1355600921
1355600923
1355600944
1355601061
1355601175
1355601286
1355601303
1355601318
1355601416
1355601469
1355601489
1355601507
1355601533
1355601534
1355601605
1355601655
1355601667
1355601748
1355601771
1355601893
1355601948
1355602072
1355602079
1355602109
1355602125
1355602221
1355602238
1355602270
1355602273
1355602293
1355602294
1355602316
1355602418
1355602501
1355602512
1355602529
1355602632
1355602762
1355603001
1355603136
1355603320
1355603332
1355603346
1355603497
1355603555
1355603565
1355603579
1355603816
1355603860
1355604112
1355604152
1355604171
1355604227
1355604251
1355604399
1355604472
1355604927
1355604937
1355605158
1355605353
1355605527
1355605529
1355605624
1355605706
1355605892
1355606052
1355606167
1355606331
1355606370
1355606510
1355606576
1355606624
1355606628
1355606637
1355606759
1355606778
1355606802
1355606873
1355606929
1355606947
1355607001
1355607003
1355607037
1355607052
1355607108
1355607306
1355607481
1355607494
1355607521
1355607543
1355607555
1355607567
1355607592
1355607721
1355607724
1355607848
1355607864
1355607893
1355608063
1355608069
1355608135
1355608248
1355608316
1355608403
1355608423
1355608442
1355608550
1355608775
1355608780
1355608806
1355608809
1355608846
1355608858
1355608909
1355609051
1355609104
1355609148
1355609218
1355609232
1355609288
1355609379
1355609396
1355609423
1355609490
1355609660
1355609670
1355609736
1355609757
1355609779
1355609905
1355610013
1355610047
1355610072
1355610079
1355610108
1355610287
1355610338
1355610419
1355610512
1355610596
1355610617
1355610745
1355610754
1355610824
1355610846
1355610863
1355610890
1355610991
1355611010
1355611019
1355611030
1355611030
1355611124
1355611162
1355611250
1355611356
1355611521
1355611523
1355611545
1355611601
1355611628
1355611658
1355611674
1355611736
1355611746
1355611860
1355611886
1355611887
1355612118
1355612173
1355612190
1355612278
1355612287
1355612428
1355612499
1355612546
1355612559
1355612586
1355612694
1355612732
1355612765
1355612859
1355612876
1355612894
1355612906
1355612908
1355612928
1355612932
1355612941
1355613002
1355613039
1355613089
1355613093
1355613232
1355613371
1355613397
1355613438
1355613443
1355613467
1355613492
1355613530
1355613633
1355613791
1355613870
1355613871
1355613889
1355613906
1355613920
1355613972
1355614077
1355614127
1355614243
1355614261
1355614292
1355614581
1355614605
1355614824
1355614829
1355614841
1355614904
1355614905
1355614956
1355614993
1355615049
1355615141
1355615232
1355615248
1355615332
1355615457
1355615537
1355615754
1355615806
1355615817
1355615870
1355616037
1355616139
1355616475
1355616616
1355616806
1355616867
1355616978
1355617031
1355617057
1355617110
1355617132
1355617193
1355617210
1355617365
1355617463
1355617631
1355617647
1355617700
1355617816
1355617827
1355617846
1355617852
1355617884
1355617918
1355618011
1355618231
1355618238
1355618324
1355618356
1355618374
1355618477
1355618656
1355618760
1355618851
1355618963
1355618981
1355619063
1355619265
1355619329
1355619426
1355619444
1355619608
1355619635
1355619658
1355619768
1355619899
1355620074
1355620123
1355620125
1355620358
1355620394
1355620471
1355620513
1355620554
1355620574
1355620596
1355620821
1355620846
1355620981
1355621028
1355621234
1355621370
1355621375
1355621413
1355621505
1355621564
1355621601
1355621759
1355621846
1355621970
1355621995
1355622026
1355622067
1355622163
1355622317
1355622325
1355622330
1355622347
1355622436
1355622538
1355622678
1355622695
1355622783
1355622822
1355622905
1355622925
1355622945
1355622956
1355623024
1355623051
1355623073
1355623130
1355623236
1355623321
1355623340
1355623357
1355623433
1355623499
1355623594
1355623667
1355623677
1355623691
1355623726
1355623774
1355623791
1355623963
1355624188
1355624323
1355624360
1355624426
1355624652
1355624787
1355624825
1355624857
1355624910
1355624992
1355625060
1355625282
1355625288
1355625404
1355625443
1355625507
1355625525
1355625605
1355625762
1355625803
1355625884
1355625914
1355625961
1355626025
1355626066
1355626184
1355626220
1355626268
1355626292
1355626608
1355626664
1355626741
1355626847
1355626893
1355626926
1355626952
1355627065
1355627071
1355627138
1355627177
1355627294
1355627321
1355627413
1355627537
1355627546
1355627564
1355627689
1355627742
1355627863
1355627896
1355627907
1355628002
1355628012
1355628018
1355628045
1355628111
1355628287
1355628348
1355628350
1355628594
1355628602
1355628604
1355628607
1355628896
1355628913
1355629205
1355629224
1355629344
1355629578
1355629708
1355629758
1355629768
1355629777
1355629807
1355630037
1355630119
1355630139
1355630181
1355630269
1355630335
1355630339
1355630477
1355630486
1355630518
1355630744
1355630796
1355631258
1355631299
1355631338
1355631346
1355631411
1355631650
1355631679
1355631713
1355631813
1355631858
1355631862
1355631886
1355631897
1355631936
1355631951
1355632035
1355632041
1355632094
1355632099
1355632314
1355632459
1355632564
1355632627
1355632808
1355633020
1355633050
1355633094
1355633140
1355633428
1355633542
1355633559
1355633774
1355633809
1355633878
1355633930
1355634022
1355634168
1355634212
1355634272
1355634290
1355634318
1355634367
1355634455
1355634551
1355634560
1355634598
1355634616
1355634655
1355634768
1355635247
1355635526
1355635562
1355635729
1355635746
1355635777
1355635798
1355636028
1355636345
1355636440
1355636441
1355636455
1355636574
1355636624
1355636717
1355636738
1355636742
1355636750
1355636793
1355637069
1355637257
1355637449
1355637593
1355637670
1355637787
1355637789
1355637914
1355638094
1355638166
1355638229
1355638306
1355638587
1355638830
1355639319
1355639590
1355639599
1355639769
1355639894
1355639961
1355640026
1355640350
1355640353
1355640584
1355640708
1355640784
1355641256
1355641274
1355641380
1355641403
1355641442
1355641514
1355641668
1355641794
1355641970
1355642292
1355642350
1355642573
1355642870
1355642912
1355643067
1355644265
1355644726
1355645605
1355645772
1355645845
1355645899
1355645930
1355645995
1355646400
1355646405
1355646659
1355647365
1355647573
1355647897
1355647965
1355648245
1355648289
1355648336
1355649764
1355650402
1355650669
1355650969
1355651371
1355652062
1355652365
1355652719
1355652846
1355653073
1355653102
1355653253
1355653757
1355654137
1355655320
1355656372
1355656863
1355656957
1355657992
1355658212
1355659499
1355659530
1355659575
1355659610
1355660387
1355661154
1355661320
1355661724
1355661961
1355662038
1355662506
1355662958
1355663000
1355663195
1355663452
1355663869
1355663930
1355664022
1355664169
1355664368
1355664538
1355664539
1355664729
1355664975
1355665077
1355665103
1355665142
1355665184
1355665195
1355665328
1355665425
1355665881
1355666077
1355666080
1355666621
1355666857
1355666867
1355666919
1355667286
1355667397
1355667407
1355668014
1355668083
1355668293
1355668463
1355668544
1355668567
1355668731
1355669191
1355669210
1355669279
1355669304
1355669576
1355670398
1355670456
1355670540
1355670814
1355671011
1355671087
1355671090
1355671108
1355671134
1355671558
1355671671
1355671731
1355671983
1355672175
1355672189
1355672374
1355672601
1355672604
1355672737
1355672866
1355672954
1355673047
1355673201
1355673529
1355673536
1355673670
1355673821
1355673857
1355673893
1355673931
1355674050
1355674084
1355674226
1355674239
1355674295
1355674302
1355674488
1355674617
1355674686
1355674794
1355674892
1355675009
1355675018
1355675248
1355675351
1355675434
1355675538
1355675546
1355675601
1355675786
1355675828
1355675837
1355676142
1355676261
1355676272
1355676305
1355676376
1355676763
1355677016
1355677063
1355677195
1355677203
1355677424
1355677436
1355677636
1355677874
1355678347
1355678448
1355678573
1355679200
1355679275
1355679356
1355679581
1355679638
1355679890
1355680059
1355680254
1355680266
1355680438
1355680452
1355680507
1355680634
1355680699
1355680701
1355680880
1355680915
1355680926
1355681033
1355681095
1355681147
1355681227
1355681285
1355681334
1355681359
1355681369
1355681372
1355681493
1355681532
1355681532
1355681640
1355681873
1355682028
1355682190
1355682415
1355682420
1355682646
1355682669
1355682676
1355683044
1355683202
1355683664
1355683813
1355683857
1355683907
1355683997
1355684050
1355684145
1355684148
1355684189
1355684404
1355684586
1355684586
1355684695
1355684728
1355684937
1355685002
1355685296
1355685563
1355685594
1355686040
1355686088
1355686118
1355686173
1355686483
1355686496
1355686521
1355686711
1355686809
1355687051
1355687188
1355687233
1355687293
1355687380
1355687598
1355687880
1355688151
1355688354
1355688387
1355688395
1355688470
1355688477
1355689170
1355689193
1355689199
1355689379
1355689611
1355689660
1355689712
1355690015
1355690052
1355690061
1355690089
1355690126
1355690206
1355690270
1355690398
1355690451
1355690668
1355690904
1355691104
1355691185
1355691199
1355691362
1355691417
1355691648
1355691682
1355691773
1355691794
1355692196
1355692210
1355692230
1355692256
1355692373
1355692377
1355692410
1355692505
1355692582
1355692786
1355692807
1355692909
1355692952
1355693005
1355693065
1355693095
1355693170
1355693185
1355693191
1355693472
1355693483
1355693807
1355693828
1355694023
1355694079
1355694125
1355694207
1355694214
1355694268
1355694323
1355694355
1355694501
1355694534
1355694627
1355694701
1355694774
1355694855
1355694863
1355694920
1355694939
1355695052
1355695081
1355695096
1355695185
1355695187
1355695208
1355695236
1355695240
1355695263
1355695410
1355695479
1355695497
1355695548
1355695630
1355695650
1355695673
1355695712
1355695722
1355695794
1355695825
1355695874
1355696047
1355696130
1355696213
1355696325
1355696423
1355696441
1355696528
1355696696
1355696758
1355696798
1355696804
1355696819
1355696843
1355696897
1355696912
1355697026
1355697213
1355697284
1355697300
1355697304
1355697328
1355697508
1355697520
1355697536
1355697551
1355697616
1355697815
1355698041
1355698060
1355698097
1355698127
1355698212
1355698352
1355698426
1355698569
1355698590
1355698624
1355698663
1355698699
1355698724
1355698762
1355698764
1355698858
1355699181
1355699296
1355699374
1355699383
1355699435
1355699464
1355699537
1355699655
1355699707
1355699727
1355699730
1355699732
1355699738
1355699743
1355699800
1355699858
1355699873
1355699875
1355700032
1355700154
1355700244
1355700251
1355700366
1355700413
1355700422
1355700431
1355700541
1355700550
1355700582
1355700609
1355700616
1355700623
1355700666
1355700772
1355700780
1355700809
1355700839
1355700861
1355700870
1355700963
1355701119
1355701254
1355701299
1355701590
1355701608
1355701649
1355701679
1355701693
1355701753
1355701805
1355702003
1355702122
1355702165
1355702381
1355702475
1355702502
1355702567
1355702587
1355702639
1355702685
1355702789
1355702804
1355703010
1355703062
1355703077
1355703097
1355703213
1355703237
1355703257
1355703356
1355703405
1355703412
1355703599
1355703675
1355703685
1355704067
1355704076
1355704100
1355704160
1355704168
1355704214
1355704274
1355704368
1355704448
1355704480
1355704555
1355704596
1355704610
1355704749
1355704798
1355704859
1355705020
1355705129
1355705278
1355705325
1355705325
1355705377
1355705425
1355705554
1355705727
1355705785
1355705964
1355705971
1355705980
1355705999
1355706025
1355706285
1355706308
1355706329
1355706372
1355706492
1355706495
1355706520
1355706657
1355706782
1355706788
1355706809
1355706845
1355706928
1355707285
1355707555
1355707584
1355707641
1355707729
1355707748
1355707793
1355707811
1355708361
1355708563
1355708819
1355708913
1355709018
1355709525
1355709576
1355709702
1355709810
1355709884
1355709898
1355710048
1355710191
1355710511
1355710572
1355710829
1355710960
1355710970
1355711079
1355711084
1355711085
1355711104
1355711215
1355711445
1355711511
1355711535
1355711586
1355711904
1355711909
1355711946
1355711961
1355712013
1355712273
1355712320
1355712557
1355712698
1355713042
1355713114
1355713274
1355713551
1355713626
1355713734
1355713803
1355713936
1355713979
1355714262
1355714335
1355714371
1355714401
1355714749
1355714775
1355714797
1355715013
1355715359
1355715453
1355715464
1355715585
1355715952
1355716339
1355716549
1355716553
1355716661
1355716676
1355716912
1355716918
1355717294
1355717375
1355718043
1355718186
1355718212
1355718233
1355718271
1355718375
1355718377
1355718814
1355718947
1355719493
1355719774
1355719923
1355720284
1355720434
1355721109
1355721253
1355721324
1355721444
1355721903
1355721966
1355722208
1355722346
1355722431
1355723418
1355723436
1355723593
1355723795
1355723920
1355724055
1355724623
1355724730
1355724972
1355725661
1355725673
1355725740
1355726026
1355726360
1355726432
1355726704
1355726818
1355726974
1355727230
1355727304
1355727357
1355727405
1355727770
1355727986
1355728144
1355728404
1355728847
1355728947
1355729114
1355730234
1355731461
1355731695
1355732052
1355732145
1355732392
1355733055
1355733171
1355733832
1355733852
1355734825
1355734891
1355735082
1355735798
1355736339
1355737236
1355737668
1355738128
1355738659
1355740061
1355743369
1355745806
1355745904
1355746536
1355746622
1355747002
1355748184
1355749082
1355749389
1355750663
1355751139
1355752065
1355752067
1355753400
1355753490
1355753705
1355753841
1355753910
1355754672
1355754820
1355755072
1355755295
1355755534
1355755556
1355755722
1355755906
1355756032
1355756094
1355756221
1355756435
1355756715
1355757029
1355757319
1355757322
1355757363
1355757371
1355757675
1355757796
1355757975
1355757975
1355758035
1355758089
1355758184
1355758465
1355758481
1355758553
1355758837
1355758883
1355759029
1355759120
1355759648
1355759675
1355759812
1355759944
1355760054
1355760469
1355760638
1355760668
1355760780
1355760791
1355761095
1355761242
1355761378
1355761848
1355762260
1355762368
1355762726
1355762764
1355763109
1355763212
1355763243
1355763324
1355764144
1355764229
1355764259
1355764260
1355764685
1355764692
1355764729
1355764948
1355764967
1355765268
1355765644
1355765653
1355765807
1355765823
1355766013
1355766067
1355766092
1355766107
1355766126
1355766395
1355766777
1355766908
1355766936
1355766997
1355767347
1355767442
1355767446
1355767494
1355767682
1355767815
1355767825
1355767999
1355768048
1355768060
1355768122
1355768237
1355768274
1355768300
1355768499
1355768601
1355768656
1355768716
1355769306
1355769568
1355769636
1355769696
1355769728
1355769799
1355769981
1355770041
1355770141
1355770191
1355770449
1355770949
1355770958
1355770968
1355771053
1355771338
1355771534
1355771665
1355771708
1355771800
1355771838
1355771994
1355772034
1355772073
1355772477
1355772577
1355772679
1355772793
1355773015
1355773379
1355773520
1355773783
1355773961
1355774073
1355774245
1355774324
1355774345
1355774579
1355774619
1355774690
1355774963
1355775080
1355775248
1355775385
1355775405
1355775420
1355775457
1355775478
1355775608
1355775719
1355775756
1355776197
1355776330
1355776540
1355776613
1355776720
1355776753
1355777145
1355777263
1355777371
1355777481
1355777702
1355777852
1355778007
1355778036
1355778167
1355778339
1355778420
1355778439
1355778667
1355778705
1355779122
1355779159
1355779254
1355779336
1355779348
1355779460
1355779792
1355779832
1355779925
1355779938
1355780075
1355780188
1355780339
1355780440
1355780495
1355780622
1355780836
1355780913
1355780918
1355780985
1355781001
1355781425
1355781896
1355781900
1355781929
1355782036
1355782284
1355782296
1355782344
1355782349
1355782352
1355782582
1355782830
1355782843
1355783282
1355783318
1355783320
1355783439
1355783613
1355783651
1355783720
1355783866
1355784097
1355784110
1355784141
1355784322
1355784362
1355784623
1355784739
1355784800
1355785579
1355786308
1355786414
1355786433
1355786479
1355787025
1355787313
1355787566
1355787716
1355787777
1355787809
1355787820
1355787996
1355788136
1355788137
1355788320
1355788343
1355788391
1355788811
1355788860
1355788889
1355789022
1355789092
1355789435
1355789447
1355789486
1355789512
1355789551
1355790173
1355790468
1355790856
1355791169
1355791336
1355791583
1355792024
1355792110
1355792201
1355792212
1355792437
1355792782
1355792881
1355792891
1355792898
1355792921
1355793458
1355793495
1355793820
1355793869
1355794108
1355794195
1355794196
1355794493
1355794631
1355794669
1355794681
1355794685
1355794689
1355795094
1355795533
1355795903
1355796333
1355796410
1355796497
1355796556
1355796620
1355797042
1355797154
1355797417
1355798028
1355798135
1355798365
1355798442
1355798869
1355799135
1355799525
1355800010
1355800374
1355801029
1355801458
1355801862
1355801917
1355801987
1355802149
1355802159
1355802256
1355802889
1355802935
1355802936
1355802988
1355803159
1355803596
1355804038
1355804051
1355804475
1355805178
1355805431
1355805434
1355805559
1355805719
1355806096
1355806193
1355806273
1355806314
1355806368
1355806556
1355806824
1355807099
1355807516
1355808259
1355808582
1355808917
1355809632
1355809927
1355810479
1355810598
1355811874
1355811976
1355812576
1355813952
1355814147
1355814640
1355815034
1355815889
1355816823
1355817853
1355817983
1355819194
1355820877
1355822706
1355824710
1355824864
1355826743
1355827392
1355827828
1355828865
1355829310
1355830956
1355831060
1355832510
1355832966
1355834558
1355834767
1355834939
1355835767
1355837469
1355839019
1355839061
1355839758
1355839845
1355841365
1355841899
1355842522
1355842673
1355843527
1355843847
1355843870
1355844136
1355845200
1355845440
1355845714
1355845738
1355845939
1355846577
1355846645
1355846792
1355846803
1355846920
1355846961
1355847286
1355847429
1355847989
1355848108
1355848108
1355848146
1355848170
1355848361
1355848630
1355848837
1355848941
1355849540
1355849620
1355849636
1355850034
1355850618
1355850953
1355851677
1355851731
1355851787
1355852556
1355853753
1355853845
1355854202
1355854404
1355854700
1355855246
1355855295
1355855577
1355856100
1355856540
1355856874
1355857314
1355857437
1355858075
1355858230
1355858666
1355858808
1355858868
1355859064
1355859625
1355859981
1355860716
1355860748
1355861000
1355861178
1355861781
1355862058
1355862144
1355862305
1355862338
1355862383
1355862426
1355863001
1355863371
1355863970
1355865031
1355865040
1355865476
1355865715
1355866284
1355866669
1355866957
1355867183
1355867514
1355868408
1355868421
1355868507
1355869662
1355869807
1355870412
1355870436
1355870908
1355871049
1355872104
1355873033
1355874181
1355874513
1355876062
1355876126
1355877785
1355878167
1355878436
1355878773
1355878998
1355879143
1355880267
1355880387
1355880400
1355880792
1355880952
1355881045
1355881553
1355881887
1355882316
1355882649
1355883366
1355884148
1355885018
1355885126
1355885442
1355885445
1355885750
1355886155
1355886534
1355887884
1355889413
1355889716
1355889788
1355889990
1355890506
1355890853
1355890891
1355892038
1355893884
1355894968
1355898432
1355899135
1355899386
1355901358
1355903773
1355906047
1355910124
1355910869
1355913472
1355918505
1355918857
1355919488
1355919604
1355923899
1355924062
1355924743
1355925464
1355926799
1355928018
1355928114
1355929509
1355929635
1355930073
1355930195
1355931214
1355931861
1355932754
1355932840
1355932984
1355933977
1355934377
1355935054
1355936530
1355936882
1355937652
1355937865
1355940226
1355941503
1355945344
1355948347
1355948467
1355950022
1355950223
1355950278
1355955193
1355958366
1355963074
1355963866
1355966094
1355972710
1355972890
1355973166
1355975683
1355977071
1355981385
1355982258
1355985728
1355988533
1355998143
1356002809
1356008913
1356011258
1356015416
1356018436
1356019037
1356019684
1356021672
1356023192
1356023458
1356024098
1356024635
1356025135
1356026394
1356028785
1356030353
1356033247
1356036592
1356038117
1356039840
1356042036
1356048269
1356048677
1356049037
1356050503
1356053462
1356054796
1356054963
1356055490
1356055893
1356068885
1356083016
