created
1355511567
1355511712
1355511773
1355511773
1355511866
1355511871
1355511879
1355511886
1355511896
1355511898
1355511898
1355511917
1355511919
1355511947
1355511957
1355511960
1355511977
1355512009
1355512014
1355512030
1355512041
1355512079
1355512082
1355512084
1355512103
1355512106
1355512115
1355512123
1355512124
1355512137
1355512145
1355512153
1355512168
1355512170
1355512170
1355512185
1355512229
1355512253
1355512259
1355512274
1355512275
1355512351
1355512351
1355512361
1355512370
1355512388
1355512396
1355512400
1355512401
1355512418
1355512419
1355512462
1355512466
1355512477
1355512481
1355512488
1355512493
1355512531
1355512533
1355512586
1355512587
1355512600
1355512605
1355512621
1355512703
1355512788
1355512796
1355512822
1355512841
1355512860
1355512898
1355512911
1355512917
1355512922
1355512960
1355512968
1355513007
1355513008
1355513017
1355513027
1355513078
1355513097
1355513099
1355513112
1355513117
1355513177
1355513183
1355513189
1355513216
1355513228
1355513266
1355513297
1355513302
1355513302
1355513310
1355513313
1355513319
1355513327
1355513346
1355513421
1355513439
1355513463
1355513468
1355513472
1355513473
1355513473
1355513486
1355513496
1355513518
1355513519
1355513526
1355513538
1355513560
1355513570
1355513578
1355513591
1355513597
1355513600
1355513636
1355513637
1355513654
1355513676
1355513698
1355513721
1355513765
1355513768
1355513779
1355513789
1355513806
1355513809
1355513821
1355513843
1355513877
1355513895
1355513905
1355513931
1355513967
1355513972
1355513973
1355514004
1355514009
1355514047
1355514050
1355514058
1355514072
1355514073
1355514098
1355514132
1355514186
1355514188
1355514199
1355514233
1355514234
1355514245
1355514270
1355514272
1355514273
1355514296
1355514297
1355514300
1355514315
1355514318
1355514327
1355514339
1355514341
1355514380
1355514383
1355514392
1355514394
1355514397
1355514408
1355514413
1355514418
1355514418
1355514425
1355514426
1355514427
1355514430
1355514465
1355514469
1355514471
1355514484
1355514492
1355514516
1355514516
1355514528
1355514541
1355514544
1355514547
1355514551
1355514572
1355514581
1355514585
1355514589
1355514616
1355514625
1355514633
1355514635
1355514654
1355514657
1355514658
1355514673
1355514677
1355514680
1355514688
1355514690
1355514691
1355514694
1355514704
1355514709
1355514722
1355514722
1355514738
1355514750
1355514755
1355514768
1355514772
1355514772
1355514780
1355514783
1355514812
1355514814
1355514818
1355514843
1355514846
1355514850
1355514870
1355514871
1355514892
1355514894
1355514900
1355514904
1355514905
1355514917
1355514927
1355514934
1355514936
1355514941
1355514946
1355514954
1355514963
1355514968
1355514969
1355514970
1355514971
1355514973
1355514992
1355514993
1355514999
1355515000
1355515001
1355515009
1355515012
1355515024
1355515036
1355515044
1355515049
1355515050
1355515053
1355515057
1355515061
1355515066
1355515068
1355515081
1355515092
1355515096
1355515111
1355515126
1355515129
1355515134
1355515140
1355515167
1355515169
1355515170
1355515182
1355515183
1355515184
1355515187
1355515190
1355515194
1355515205
1355515210
1355515211
1355515223
1355515224
1355515228
1355515232
1355515233
1355515235
1355515245
1355515269
1355515283
1355515288
1355515290
1355515297
1355515304
1355515320
1355515323
1355515342
1355515346
1355515355
1355515357
1355515376
1355515377
1355515378
1355515385
1355515389
1355515410
1355515415
1355515419
1355515421
1355515432
1355515436
1355515437
1355515444
1355515444
1355515445
1355515451
1355515455
1355515468
1355515475
1355515483
1355515488
1355515506
1355515512
1355515540
1355515566
1355515575
1355515584
1355515587
1355515596
1355515598
1355515609
1355515609
1355515610
1355515613
1355515616
1355515641
1355515647
1355515660
1355515666
1355515669
1355515685
1355515687
1355515701
1355515715
1355515721
1355515724
1355515726
1355515737
1355515739
1355515747
1355515750
1355515774
1355515785
1355515786
1355515810
1355515810
1355515813
1355515814
1355515831
1355515861
1355515864
1355515864
1355515881
1355515885
1355515886
1355515888
1355515890
1355515895
1355515898
1355515913
1355515947
1355515952
1355515953
1355515961
1355515966
1355515967
1355515983
1355515992
1355515993
1355515999
1355516005
1355516024
1355516033
1355516051
1355516054
1355516058
1355516069
1355516081
1355516091
1355516096
1355516114
1355516117
1355516136
1355516140
1355516149
1355516150
1355516151
1355516159
1355516162
1355516171
1355516178
1355516181
1355516181
1355516205
1355516210
1355516242
1355516245
1355516272
1355516275
1355516282
1355516295
1355516301
1355516305
1355516306
1355516308
1355516324
1355516335
1355516339
1355516340
1355516375
1355516378
1355516383
1355516388
1355516394
1355516398
1355516405
1355516417
1355516419
1355516420
1355516427
1355516440
1355516446
1355516448
1355516453
1355516454
1355516466
1355516475
1355516476
1355516482
1355516489
1355516497
1355516515
1355516515
1355516520
1355516532
1355516549
1355516550
1355516568
1355516574
1355516588
1355516595
1355516603
1355516606
1355516625
1355516632
1355516644
1355516647
1355516648
1355516654
1355516663
1355516671
1355516684
1355516685
1355516691
1355516699
1355516703
1355516710
1355516712
1355516714
1355516716
1355516725
1355516732
1355516740
1355516741
1355516746
1355516747
1355516757
1355516759
1355516767
1355516786
1355516797
1355516810
1355516819
1355516835
1355516835
1355516837
1355516847
1355516857
1355516860
1355516864
1355516876
1355516894
1355516898
1355516909
1355516918
1355516919
1355516935
1355516939
1355516947
1355516956
1355516971
1355516980
1355516981
1355516982
1355516985
1355516992
1355517007
1355517014
1355517019
1355517025
1355517032
1355517039
1355517052
1355517062
1355517068
1355517075
1355517085
1355517085
1355517088
1355517090
1355517091
1355517092
1355517094
1355517094
1355517106
1355517112
1355517117
1355517118
1355517132
1355517138
1355517142
1355517142
1355517147
1355517149
1355517166
1355517178
1355517186
1355517194
1355517200
1355517227
1355517231
1355517234
1355517235
1355517243
1355517248
1355517249
1355517251
1355517252
1355517269
1355517280
1355517280
1355517286
1355517291
1355517293
1355517301
1355517303
1355517305
1355517306
1355517316
1355517326
1355517330
1355517336
1355517336
1355517348
1355517357
1355517363
1355517368
1355517377
1355517377
1355517382
1355517383
1355517386
1355517387
1355517390
1355517413
1355517413
1355517415
1355517433
1355517436
1355517463
1355517467
1355517468
1355517473
1355517473
1355517482
1355517483
1355517488
1355517501
1355517502
1355517523
1355517524
1355517525
1355517525
1355517532
1355517538
1355517540
1355517542
1355517542
1355517557
1355517558
1355517573
1355517577
1355517579
1355517579
1355517590
1355517599
1355517605
1355517606
1355517628
1355517641
1355517645
1355517659
1355517671
1355517678
1355517697
1355517714
1355517716
1355517716
1355517716
1355517718
1355517733
1355517742
1355517754
1355517766
1355517767
1355517778
1355517779
1355517787
1355517788
1355517800
1355517804
1355517808
1355517809
1355517810
1355517815
1355517819
1355517839
1355517842
1355517850
1355517852
1355517861
1355517866
1355517867
1355517903
1355517915
1355517938
1355517943
1355517950
1355517950
1355517954
1355517956
1355517963
1355517965
1355517965
1355517966
1355517967
1355518011
1355518020
1355518023
1355518027
1355518047
1355518049
1355518050
1355518056
1355518057
1355518059
1355518065
1355518070
1355518071
1355518074
1355518076
1355518077
1355518078
1355518110
1355518121
1355518121
1355518124
1355518126
1355518136
1355518141
1355518169
1355518170
1355518181
1355518183
1355518186
1355518208
1355518209
1355518234
1355518245
1355518247
1355518252
1355518265
1355518269
1355518286
1355518289
1355518336
1355518392
1355518393
1355518395
1355518406
1355518417
1355518419
1355518426
1355518430
1355518455
1355518470
1355518470
1355518489
1355518526
1355518533
1355518538
1355518544
1355518570
1355518591
1355518595
1355518596
1355518645
1355518646
1355518661
1355518727
1355518752
1355518753
1355518767
1355518772
1355518789
1355518791
1355518798
1355518804
1355518842
1355518847
1355518849
1355518850
1355518854
1355518900
1355518927
1355518929
1355518950
1355518952
1355518954
1355518955
1355518976
1355518995
1355518997
1355519002
1355519025
1355519043
1355519047
1355519057
1355519066
1355519067
1355519084
1355519106
1355519110
1355519129
1355519140
1355519157
1355519167
1355519171
1355519173
1355519182
1355519182
1355519183
1355519190
1355519197
1355519243
1355519245
1355519267
1355519280
1355519291
1355519296
1355519309
1355519326
1355519337
1355519342
1355519347
1355519351
1355519354
1355519360
1355519360
1355519365
1355519380
1355519385
1355519387
1355519435
1355519435
1355519437
1355519451
1355519452
1355519512
1355519517
1355519522
1355519522
1355519527
1355519538
1355519539
1355519552
1355519553
1355519558
1355519559
1355519567
1355519588
1355519590
1355519591
1355519604
1355519622
1355519664
1355519666
1355519667
1355519686
1355519693
1355519693
1355519696
1355519698
1355519709
1355519715
1355519723
1355519770
1355519799
1355519803
1355519815
1355519821
1355519821
1355519838
1355519846
1355519901
1355519903
1355519915
1355519919
1355519921
1355519925
1355519940
1355519948
1355519972
1355520003
1355520011
1355520013
1355520018
1355520032
1355520047
1355520056
1355520061
1355520075
1355520076
1355520076
1355520086
1355520098
1355520099
1355520141
1355520145
1355520147
1355520203
1355520208
1355520211
1355520211
1355520248
1355520260
1355520283
1355520294
1355520295
1355520305
1355520315
1355520318
1355520332
1355520335
1355520358
1355520365
1355520381
1355520385
1355520403
1355520406
1355520414
1355520423
1355520423
1355520428
1355520440
1355520444
1355520446
1355520459
1355520475
1355520476
1355520505
1355520526
1355520552
1355520555
1355520565
1355520575
1355520582
1355520594
1355520597
1355520602
1355520610
1355520629
1355520648
1355520651
1355520652
1355520652
1355520655
1355520659
1355520663
1355520663
1355520672
1355520675
1355520682
1355520686
1355520697
1355520702
1355520704
1355520708
1355520719
1355520729
1355520740
1355520751
1355520759
1355520760
1355520778
1355520795
1355520842
1355520897
1355520897
1355520897
1355520901
1355520906
1355520926
1355520936
1355520938
1355520940
1355520941
1355520947
1355520952
1355520991
1355520993
1355520993
1355521007
1355521021
1355521025
1355521027
1355521046
1355521074
1355521074
1355521084
1355521091
1355521093
1355521096
1355521110
1355521130
1355521134
1355521145
1355521155
1355521163
1355521166
1355521169
1355521198
1355521225
1355521230
1355521232
1355521233
1355521241
1355521244
1355521244
1355521258
1355521260
1355521266
1355521273
1355521274
1355521280
1355521284
1355521301
1355521309
1355521318
1355521322
1355521322
1355521327
1355521329
1355521360
1355521361
1355521380
1355521383
1355521383
1355521394
1355521396
1355521399
1355521432
1355521433
1355521433
1355521433
1355521438
1355521449
1355521456
1355521474
1355521486
1355521489
1355521492
1355521504
1355521504
1355521522
1355521536
1355521542
1355521543
1355521554
1355521563
1355521564
1355521594
1355521598
1355521601
1355521603
1355521610
1355521618
1355521629
1355521634
1355521649
1355521672
1355521681
1355521692
1355521710
1355521713
1355521736
1355521746
1355521748
1355521767
1355521783
1355521800
1355521801
1355521802
1355521822
1355521825
1355521828
1355521834
1355521835
1355521835
1355521843
1355521857
1355521861
1355521876
1355521881
1355521889
1355521890
1355521892
1355521901
1355521904
1355521912
1355521923
1355521925
1355521933
1355521934
1355521954
1355521967
1355521997
1355521997
1355522003
1355522012
1355522035
1355522041
1355522047
1355522060
1355522062
1355522066
1355522089
1355522092
1355522096
1355522096
1355522114
1355522114
1355522126
1355522130
1355522136
1355522153
1355522178
1355522178
1355522201
1355522202
1355522221
1355522224
1355522239
1355522240
1355522254
1355522263
1355522265
1355522266
1355522285
1355522287
1355522317
1355522328
1355522345
1355522355
1355522359
1355522360
1355522364
1355522375
1355522378
1355522379
1355522400
1355522409
1355522412
1355522414
1355522426
1355522433
1355522438
1355522438
1355522454
1355522465
1355522471
1355522477
1355522486
1355522513
1355522516
1355522520
1355522522
1355522532
1355522539
1355522544
1355522550
1355522556
1355522566
1355522588
1355522611
1355522612
1355522624
1355522637
1355522647
1355522647
1355522674
1355522694
1355522697
1355522704
1355522711
1355522715
1355522727
1355522734
1355522739
1355522743
1355522761
1355522761
1355522772
1355522779
1355522797
1355522798
1355522806
1355522816
1355522817
1355522818
1355522822
1355522830
1355522855
1355522860
1355522864
1355522869
1355522874
1355522881
1355522883
1355522887
1355522890
1355522897
1355522907
1355522918
1355522938
1355522945
1355522956
1355522965
1355523016
1355523018
1355523020
1355523048
1355523049
1355523051
1355523051
1355523052
1355523064
1355523077
1355523078
1355523079
1355523096
1355523097
1355523100
1355523117
1355523141
1355523165
1355523169
1355523174
1355523180
1355523181
1355523187
1355523198
1355523207
1355523210
1355523211
1355523212
1355523214
1355523237
1355523243
1355523244
1355523254
1355523262
1355523286
1355523291
1355523320
1355523324
1355523332
1355523336
1355523345
1355523368
1355523394
1355523418
1355523424
1355523453
1355523455
1355523463
1355523465
1355523478
1355523482
1355523485
1355523521
1355523537
1355523547
1355523552
1355523571
1355523572
1355523591
1355523630
1355523648
1355523653
1355523680
1355523681
1355523685
1355523698
1355523708
1355523740
1355523741
1355523759
1355523764
1355523780
1355523783
1355523786
1355523793
1355523797
1355523802
1355523844
1355523891
1355523896
1355523924
1355523932
1355523937
1355523942
1355523956
1355523963
1355523987
1355523995
1355524003
1355524012
1355524029
1355524043
1355524079
1355524080
1355524087
1355524092
1355524114
1355524116
1355524124
1355524124
1355524128
1355524142
1355524147
1355524156
1355524178
1355524197
1355524210
1355524212
1355524214
1355524255
1355524257
1355524257
1355524265
1355524267
1355524275
1355524279
1355524282
1355524291
1355524307
1355524308
1355524348
1355524351
1355524352
1355524355
1355524379
1355524392
1355524414
1355524461
1355524461
1355524494
1355524512
1355524523
1355524523
1355524534
1355524551
1355524580
1355524584
1355524591
1355524605
1355524611
1355524614
1355524616
1355524619
1355524626
1355524626
1355524650
1355524658
1355524661
1355524674
1355524684
1355524692
1355524693
1355524725
1355524725
1355524741
1355524742
1355524752
1355524768
1355524769
1355524799
1355524800
1355524821
1355524827
1355524833
1355524848
1355524849
1355524867
1355524884
1355524886
1355524888
1355524888
1355524894
1355524928
1355524933
1355524935
1355524936
1355524938
1355524944
1355524949
1355524976
1355524990
1355525008
1355525012
1355525013
1355525030
1355525030
1355525032
1355525073
1355525099
1355525123
1355525157
1355525183
1355525197
1355525212
1355525218
1355525264
1355525267
1355525284
1355525318
1355525319
1355525320
1355525324
1355525391
1355525424
1355525431
1355525431
1355525439
1355525440
1355525443
1355525449
1355525476
1355525479
1355525482
1355525498
1355525502
1355525515
1355525517
1355525527
1355525528
1355525544
1355525559
1355525563
1355525582
1355525582
1355525584
1355525586
1355525594
1355525600
1355525614
1355525614
1355525615
1355525620
1355525628
1355525630
1355525640
1355525652
1355525659
1355525668
1355525670
1355525678
1355525695
1355525713
1355525714
1355525724
1355525730
1355525757
1355525757
1355525783
1355525792
1355525817
1355525857
1355525860
1355525865
1355525882
1355525901
1355525905
1355525954
1355525956
1355525962
1355525975
1355525986
1355525995
1355526048
1355526050
1355526050
1355526075
1355526077
1355526083
1355526097
1355526098
1355526146
1355526175
1355526183
1355526198
1355526199
1355526201
1355526203
1355526213
1355526221
1355526238
1355526249
1355526258
1355526267
1355526269
1355526270
1355526272
1355526288
1355526291
1355526326
1355526342
1355526346
1355526368
1355526379
1355526414
1355526421
1355526429
1355526447
1355526449
1355526454
1355526481
1355526510
1355526511
1355526532
1355526543
1355526549
1355526551
1355526572
1355526582
1355526602
1355526607
1355526610
1355526619
1355526623
1355526626
1355526642
1355526643
1355526643
1355526648
1355526656
1355526699
1355526703
1355526714
1355526715
1355526736
1355526744
1355526760
1355526775
1355526783
1355526787
1355526808
1355526833
1355526835
1355526859
1355526862
1355526883
1355526898
1355526905
1355526910
1355526911
1355526927
1355526929
1355526929
1355526929
1355526933
1355526938
1355526946
1355526962
1355526964
1355526974
1355526974
1355526988
1355526990
1355526991
1355526996
1355526999
1355527003
1355527022
1355527035
1355527036
1355527065
1355527069
1355527081
1355527089
1355527105
1355527113
1355527123
1355527133
1355527137
1355527138
1355527147
1355527186
1355527187
1355527195
1355527206
1355527214
1355527225
1355527230
1355527260
1355527269
1355527283
1355527295
1355527302
1355527306
1355527317
1355527317
1355527318
1355527342
1355527342
1355527358
1355527386
1355527396
1355527431
1355527436
1355527453
1355527465
1355527475
1355527489
1355527497
1355527497
1355527500
1355527502
1355527506
1355527530
1355527546
1355527567
1355527569
1355527578
1355527595
1355527598
1355527607
1355527621
1355527653
1355527657
1355527679
1355527680
1355527687
1355527688
1355527704
1355527705
1355527717
1355527725
1355527729
1355527730
1355527750
1355527753
1355527769
1355527782
1355527784
1355527796
1355527797
1355527802
1355527820
1355527834
1355527860
1355527869
1355527875
1355527882
1355527883
1355527896
1355527899
1355527903
1355527904
1355527925
1355527939
1355527942
1355527965
1355527967
1355527978
1355527985
1355527993
1355527995
1355527998
1355528008
1355528037
1355528041
1355528052
1355528060
1355528095
1355528096
1355528099
1355528107
1355528111
1355528119
1355528123
1355528144
1355528149
1355528153
1355528180
1355528212
1355528244
1355528260
1355528274
1355528277
1355528287
1355528302
1355528313
1355528322
1355528332
1355528337
1355528340
1355528347
1355528354
1355528366
1355528377
1355528380
1355528405
1355528418
1355528424
1355528426
1355528466
1355528485
1355528533
1355528571
1355528593
1355528603
1355528619
1355528620
1355528636
1355528649
1355528652
1355528653
1355528657
1355528666
1355528676
1355528697
1355528713
1355528713
1355528729
1355528752
1355528757
1355528782
1355528785
1355528794
1355528891
1355528896
1355528896
1355528901
1355528928
1355528982
1355529018
1355529024
1355529053
1355529053
1355529059
1355529064
1355529070
1355529078
1355529087
1355529127
1355529135
1355529187
1355529265
1355529286
1355529323
1355529337
1355529341
1355529362
1355529366
1355529387
1355529390
1355529410
1355529419
1355529431
1355529448
1355529462
1355529472
1355529478
1355529479
1355529486
1355529488
1355529489
1355529507
1355529525
1355529552
1355529568
1355529596
1355529612
1355529616
1355529637
1355529646
1355529652
1355529669
1355529671
1355529672
1355529675
1355529692
1355529699
1355529718
1355529729
1355529735
1355529741
1355529745
1355529759
1355529770
1355529773
1355529796
1355529797
1355529797
1355529862
1355529871
1355529891
1355529907
1355529915
1355529918
1355529920
1355529942
1355529943
1355529988
1355529990
1355529991
1355530043
1355530051
1355530061
1355530086
1355530091
1355530114
1355530130
1355530134
1355530137
1355530218
1355530235
1355530238
1355530238
1355530250
1355530285
1355530291
1355530307
1355530332
1355530350
1355530354
1355530390
1355530396
1355530404
1355530407
1355530417
1355530419
1355530425
1355530439
1355530460
1355530493
1355530506
1355530514
1355530541
1355530544
1355530553
1355530561
1355530567
1355530572
1355530579
1355530593
1355530620
1355530629
1355530631
1355530631
1355530641
1355530641
1355530685
1355530692
1355530693
1355530717
1355530727
1355530732
1355530734
1355530739
1355530766
1355530795
1355530796
1355530816
1355530830
1355530838
1355530848
1355530849
1355530861
1355530865
1355530867
1355530871
1355530898
1355530939
1355530974
1355530995
1355531038
1355531066
1355531077
1355531077
1355531085
1355531110
1355531111
1355531111
1355531120
1355531126
1355531139
1355531146
1355531193
1355531195
1355531230
1355531256
1355531275
1355531306
1355531330
1355531352
1355531353
1355531366
1355531389
1355531399
1355531402
1355531406
1355531407
1355531432
1355531448
1355531483
1355531485
1355531537
1355531540
1355531563
1355531588
1355531605
1355531621
1355531624
1355531645
1355531656
1355531682
1355531685
1355531711
1355531725
1355531731
1355531761
1355531788
1355531797
1355531828
1355531830
1355531832
1355531841
1355531842
1355531874
1355531886
1355531937
1355531990
1355532004
1355532016
1355532021
1355532027
1355532063
1355532065
1355532080
1355532100
1355532186
1355532199
1355532203
1355532209
1355532221
1355532221
1355532225
1355532233
1355532255
1355532257
1355532273
1355532278
1355532317
1355532324
1355532328
1355532330
1355532333
1355532338
1355532342
1355532380
1355532392
1355532424
1355532441
1355532444
1355532446
1355532523
1355532552
1355532572
1355532572
1355532582
1355532601
1355532611
1355532651
1355532665
1355532688
1355532700
1355532711
1355532841
1355532849
1355532859
1355532866
1355532906
1355532912
1355532917
1355532969
1355532993
1355533017
1355533030
1355533067
1355533088
1355533112
1355533120
1355533122
1355533134
1355533144
1355533164
1355533172
1355533256
1355533258
1355533265
1355533285
1355533317
1355533351
1355533354
1355533392
1355533439
1355533463
1355533470
1355533502
1355533514
1355533545
1355533561
1355533563
1355533608
1355533614
1355533624
1355533627
1355533630
1355533638
1355533645
1355533665
1355533666
1355533668
1355533668
1355533671
1355533682
1355533698
1355533721
1355533729
1355533735
1355533765
1355533776
1355533834
1355533852
1355533870
1355533872
1355533938
1355533943
1355534056
1355534063
1355534081
1355534086
1355534096
1355534131
1355534152
1355534185
1355534306
1355534310
1355534333
1355534342
1355534351
1355534359
1355534423
1355534427
1355534472
1355534549
1355534620
1355534640
1355534645
1355534671
1355534674
1355534681
1355534695
1355534700
1355534722
1355534746
1355534753
1355534769
1355534787
1355534800
1355534815
1355534825
1355534830
1355534872
1355534891
1355534896
1355534948
1355534957
1355534965
1355535006
1355535046
1355535062
1355535085
1355535109
1355535135
1355535167
1355535182
1355535309
1355535324
1355535333
1355535340
1355535352
1355535412
1355535413
1355535498
1355535537
1355535624
1355535629
1355535638
1355535640
1355535687
1355535722
1355535732
1355535757
1355535775
1355535815
1355535827
1355535832
1355535832
1355535844
1355535903
1355535918
1355535937
1355535962
1355535966
1355535998
1355536054
1355536070
1355536084
1355536125
1355536138
1355536197
1355536254
1355536262
1355536281
1355536289
1355536315
1355536340
1355536388
1355536394
1355536395
1355536404
1355536419
1355536427
1355536470
1355536504
1355536512
1355536519
1355536531
1355536547
1355536555
1355536574
1355536585
1355536605
1355536611
1355536637
1355536700
1355536728
1355536729
1355536783
1355536808
1355536823
1355536843
1355536852
1355536880
1355536890
1355536900
1355536932
1355536948
1355536968
1355536971
1355536978
1355536987
1355537029
1355537034
1355537035
1355537061
1355537073
1355537088
1355537090
1355537108
1355537113
1355537134
1355537161
1355537187
1355537190
1355537196
1355537198
1355537198
1355537198
1355537204
1355537208
1355537230
1355537233
1355537239
1355537278
1355537279
1355537318
1355537339
1355537360
1355537375
1355537376
1355537448
1355537471
1355537490
1355537500
1355537511
1355537512
1355537518
1355537525
1355537563
1355537596
1355537597
1355537611
1355537630
1355537645
1355537658
1355537708
1355537712
1355537736
1355537743
1355537751
1355537751
1355537767
1355537787
1355537802
1355537814
1355537841
1355537845
1355537855
1355537866
1355537877
1355537901
1355537927
1355537930
1355537930
1355537963
1355537972
1355537973
1355537974
1355537982
1355537990
1355537992
1355538002
1355538036
1355538069
1355538111
1355538116
1355538188
1355538188
1355538195
1355538198
1355538240
1355538315
1355538321
1355538366
1355538368
1355538375
1355538381
1355538382
1355538405
1355538414
1355538466
1355538470
1355538484
1355538496
1355538506
1355538522
1355538529
1355538531
1355538560
1355538657
1355538713
1355538723
1355538730
1355538780
1355538801
1355538814
1355538832
1355538842
1355538869
1355538895
1355538913
1355538936
1355538948
1355538951
1355538951
1355539013
1355539025
1355539038
1355539067
1355539126
1355539135
1355539139
1355539145
1355539146
1355539148
1355539160
1355539186
1355539190
1355539197
1355539231
1355539245
1355539257
1355539267
1355539300
1355539317
1355539323
1355539325
1355539359
1355539392
1355539461
1355539480
1355539486
1355539499
1355539500
1355539512
1355539523
1355539548
1355539557
1355539561
1355539562
1355539563
1355539602
1355539628
1355539659
1355539693
1355539697
1355539740
1355539759
1355539768
1355539773
1355539796
1355539799
1355539820
1355539823
1355539831
1355539843
1355539845
1355539847
1355539871
1355539935
1355539951
1355539951
1355539959
1355539965
1355539966
1355539970
1355539977
1355540001
1355540005
1355540015
1355540028
1355540040
1355540053
1355540064
1355540099
1355540175
1355540196
1355540224
1355540229
1355540348
1355540456
1355540457
1355540467
1355540478
1355540514
1355540560
1355540581
1355540614
1355540640
1355540654
1355540684
1355540698
1355540720
1355540722
1355540744
1355540753
1355540761
1355540800
1355540807
1355540851
1355540858
1355540867
1355540892
1355540935
1355540940
1355540971
1355540975
1355540985
1355541005
1355541048
1355541054
1355541059
1355541075
1355541084
1355541131
1355541158
1355541182
1355541219
1355541230
1355541346
1355541389
1355541429
1355541435
1355541450
1355541503
1355541504
1355541573
1355541595
1355541614
1355541622
1355541636
1355541663
1355541669
1355541711
1355541881
1355541884
1355541910
1355541917
1355541985
1355542030
1355542061
1355542113
1355542117
1355542145
1355542155
1355542183
1355542220
1355542221
1355542240
1355542247
1355542297
1355542370
1355542406
1355542410
1355542432
1355542455
1355542499
1355542549
1355542566
1355542589
1355542615
1355542619
1355542638
1355542639
1355542652
1355542653
1355542674
1355542720
1355542735
1355542744
1355542760
1355542767
1355542767
1355542776
1355542788
1355542818
1355542844
1355542894
1355542943
1355542970
1355542971
1355542972
1355542991
1355542994
1355543011
1355543013
1355543033
1355543057
1355543058
1355543070
1355543101
1355543114
1355543126
1355543181
1355543190
1355543227
1355543228
1355543270
1355543290
1355543327
1355543328
1355543339
1355543339
1355543417
1355543436
1355543446
1355543452
1355543462
1355543470
1355543480
1355543489
1355543496
1355543520
1355543572
1355543586
1355543591
1355543617
1355543645
1355543698
1355543728
1355543747
1355543764
1355543786
1355543817
1355543828
1355543830
1355543849
1355543875
1355543942
1355543951
1355543958
1355543995
1355544027
1355544029
1355544096
1355544107
1355544123
1355544179
1355544234
1355544241
1355544327
1355544333
1355544376
1355544424
1355544467
1355544531
1355544547
1355544551
1355544589
1355544618
1355544673
1355544716
1355544740
1355544741
1355544784
1355544815
1355544816
1355544845
1355544861
1355544889
1355544898
1355544906
1355544943
1355544969
1355545071
1355545082
1355545104
1355545127
1355545178
1355545214
1355545230
1355545235
1355545243
1355545254
1355545256
1355545316
1355545320
1355545412
1355545421
1355545431
1355545433
1355545475
1355545484
1355545484
1355545500
1355545524
1355545542
1355545551
1355545574
1355545593
1355545636
1355545691
1355545703
1355545716
1355545840
1355545879
1355545901
1355545903
1355545953
1355545980
1355546019
1355546071
1355546106
1355546183
1355546186
1355546220
1355546227
1355546378
1355546381
1355546395
1355546429
1355546449
1355546494
1355546587
1355546599
1355546601
1355546610
1355546614
1355546628
1355546664
1355546792
1355546803
1355546853
1355546885
1355546885
1355546912
1355546938
1355546958
1355546976
1355546982
1355546998
1355547041
1355547041
1355547068
1355547095
1355547136
1355547250
1355547265
1355547286
1355547287
1355547425
1355547426
1355547467
1355547492
1355547496
1355547500
1355547503
1355547645
1355547651
1355547697
1355547852
1355547911
1355547960
1355547998
1355548119
1355548265
1355548284
1355548301
1355548362
1355548382
1355548412
1355548433
1355548469
1355548492
1355548496
1355548500
1355548551
1355548561
1355548723
1355548856
1355548874
1355548876
1355548879
1355548907
1355548972
1355548981
1355549030
1355549051
1355549089
1355549172
1355549212
1355549225
1355549242
1355549302
1355549332
1355549442
1355549475
1355549502
1355549515
1355549523
1355549530
1355549531
1355549608
1355549613
1355549618
1355549623
1355549663
1355549679
1355549691
1355549721
1355549728
1355549735
1355549805
1355549817
1355549839
1355549985
1355550008
1355550156
1355550176
1355550213
1355550244
1355550251
1355550266
1355550494
1355550555
1355550634
1355550639
1355550716
1355550797
1355550798
1355550919
1355550969
1355551007
1355551030
1355551040
1355551098
1355551108
1355551349
1355551397
1355551533
1355551554
1355551594
1355551681
1355551702
1355551722
1355551987
1355552100
1355552340
1355552388
1355552465
1355552499
1355552680
1355552681
1355552841
1355552880
1355552904
1355552950
1355553182
1355553220
1355553288
1355553323
1355553378
1355553393
1355553398
1355553454
1355553494
1355553652
1355553658
1355553704
1355553711
1355553733
1355553757
1355553772
1355553894
1355553923
1355554000
1355554030
1355554305
1355554342
1355554343
1355554410
1355554501
1355554512
1355554602
1355554609
1355554625
1355554659
1355554687
1355554719
1355554828
1355554939
1355554940
1355554966
1355555041
1355555074
1355555089
1355555147
1355555661
1355555673
1355555710
1355555961
1355556080
1355556277
1355556381
1355556480
1355556747
1355556907
1355556945
1355557010
1355557048
1355557074
1355557118
1355557176
1355557216
1355557250
1355557266
1355557344
1355557695
1355557745
1355557773
1355557787
1355557837
1355557840
1355557901
1355558432
1355558576
1355558602
1355558671
1355558672
1355558772
1355558870
1355558876
1355558893
1355558920
1355559367
1355559445
1355559446
1355560281
1355560495
1355560969
1355560974
1355561025
1355561134
1355561239
1355561473
1355561829
1355561991
1355562005
1355562196
1355562536
1355562683
1355563190
1355563267
1355563384
1355563961
1355564157
1355564611
1355564947
1355565062
1355565066
1355565393
1355565878
1355566174
1355566374
1355566386
1355566562
1355566822
1355567171
1355567216
1355567321
1355567642
1355567702
1355567774
1355567818
1355568285
1355568369
1355568921
1355569067
1355569105
1355569498
1355569669
1355569817
1355569840
1355570430
1355570883
1355571109
1355571277
1355571369
1355571506
1355571601
1355571664
1355572110
1355572201
1355572257
1355572376
1355572386
1355572523
1355572920
1355572999
1355573095
1355573102
1355573295
1355573350
1355573579
1355573592
1355573764
1355574174
1355574343
1355574407
1355574454
1355574557
1355574792
1355574802
1355574976
1355575108
1355575203
1355575337
1355575506
1355575570
1355575867
1355576154
1355576194
1355576196
1355576353
1355576439
1355576536
1355576596
1355576646
1355576668
1355576803
1355576808
1355576823
1355576832
1355577009
1355577017
1355577093
1355577102
1355577204
1355577307
1355577314
1355577421
1355577487
1355577686
1355577727
1355577824
1355578010
1355578021
1355578256
1355578314
1355578434
1355578494
1355578571
1355578594
1355578664
1355578671
1355578759
1355578872
1355578897
1355578926
1355578929
1355578977
1355578993
1355579087
1355579156
1355579206
1355579236
1355579250
1355579275
1355579357
1355579444
1355579446
1355579526
1355579547
1355579683
1355579703
1355580044
1355580055
1355580065
1355580132
1355580132
1355580174
1355580175
1355580215
1355580258
1355580312
1355580348
1355580366
1355580397
1355580537
1355580635
1355580639
1355580714
1355580727
1355580731
1355580736
1355580882
1355581014
1355581023
1355581024
1355581053
1355581094
1355581096
1355581147
1355581203
1355581277
1355581284
1355581357
1355581364
1355581376
1355581547
1355581572
1355581602
1355581603
1355581615
1355581641
1355581672
1355581714
1355581720
1355581750
1355581831
1355581853
1355581876
1355581934
1355581993
1355582012
1355582037
1355582095
1355582132
1355582134
1355582138
1355582162
1355582217
1355582228
1355582326
1355582372
1355582416
1355582423
1355582493
1355582640
1355582653
1355582713
1355582799
1355582807
1355582817
1355582860
1355582895
1355582919
1355582922
1355582946
1355583037
1355583100
1355583140
1355583159
1355583177
1355583183
1355583239
1355583303
1355583318
1355583328
1355583354
1355583443
1355583460
1355583463
1355583464
1355583519
1355583523
1355583526
1355583547
1355583549
1355583634
1355583694
1355583707
1355583730
1355583784
1355583889
1355583909
1355583916
1355583923
1355583943
1355583994
1355584065
1355584119
1355584134
1355584143
1355584185
1355584232
1355584276
1355584381
1355584421
1355584493
1355584500
1355584518
1355584562
1355584609
1355584611
1355584705
1355584751
1355584773
1355584788
1355584821
1355584852
1355584892
1355584897
1355584945
1355584978
1355585032
1355585085
1355585211
1355585225
1355585237
1355585302
1355585315
1355585395
1355585459
1355585466
1355585501
1355585566
1355585604
1355585634
1355585715
1355585723
1355585744
1355585755
1355585863
1355585874
1355585887
1355585905
1355585916
1355585922
1355585937
1355585941
1355585945
1355585982
1355586017
1355586094
1355586150
1355586154
1355586211
1355586220
1355586247
1355586248
1355586279
1355586302
1355586314
1355586361
1355586390
1355586420
1355586436
1355586470
1355586506
1355586589
1355586602
1355586614
1355586619
1355586650
1355586710
1355586743
1355586748
1355586755
1355586765
1355586767
1355586790
1355586829
1355586854
1355586873
1355586895
1355586971
1355587001
1355587022
1355587030
1355587035
1355587043
1355587123
1355587144
1355587210
1355587298
1355587313
1355587317
1355587322
1355587353
1355587369
1355587414
1355587423
1355587516
1355587522
1355587605
1355587689
1355587823
1355587892
1355587992
1355587996
1355588021
1355588029
1355588037
1355588089
1355588111
1355588119
1355588143
1355588198
1355588207
1355588241
1355588246
1355588313
1355588343
1355588345
1355588348
1355588359
1355588401
1355588403
1355588422
1355588449
1355588455
1355588456
1355588548
1355588592
1355588630
1355588661
1355588732
1355588908
1355589101
1355589114
1355589127
1355589170
1355589190
1355589266
1355589294
1355589315
1355589357
1355589415
1355589423
1355589427
1355589476
1355589607
1355589638
1355589650
1355589652
1355589653
1355589673
1355589692
1355589731
1355589761
1355589856
1355589863
1355589895
1355589897
1355589964
1355589981
1355589984
1355590000
1355590046
1355590049
1355590077
1355590088
1355590100
1355590137
1355590141
1355590158
1355590168
1355590198
1355590236
1355590420
1355590422
1355590471
1355590491
1355590491
1355590587
1355590597
1355590598
1355590661
1355590683
1355590699
1355590715
1355590716
1355590823
1355590856
1355590873
1355590889
1355591023
1355591077
1355591110
1355591279
1355591409
1355591428
1355591452
1355591457
1355591542
1355591553
1355591561
1355591613
1355591674
1355591726
1355591759
1355591762
1355591769
1355591861
1355591912
1355591932
1355592022
1355592075
1355592101
1355592155
1355592219
1355592269
1355592293
1355592298
1355592353
1355592465
1355592588
1355592601
1355592698
1355592837
1355592905
1355592908
1355592920
1355592946
1355593018
1355593037
1355593068
1355593094
1355593104
1355593152
1355593182
1355593184
1355593194
1355593219
1355593224
1355593256
1355593329
1355593337
1355593344
1355593365
1355593432
1355593462
1355593544
1355593613
1355593629
1355593645
1355593749
1355593825
1355593831
1355593836
1355593860
1355593883
1355594011
1355594037
1355594086
1355594100
1355594102
1355594214
1355594273
1355594305
1355594466
1355594480
1355594510
1355594537
1355594540
1355594582
1355594610
1355594625
1355594711
1355594731
1355594752
1355594767
1355594831
1355594834
1355594842
1355594843
1355594878
1355594926
1355594942
1355594968
1355594987
1355595003
1355595061
1355595066
1355595086
1355595145
1355595159
1355595225
1355595314
1355595352
1355595467
1355595499
1355595551
1355595568
1355595582
1355595601
1355595701
1355595743
1355595840
1355595872
1355595921
1355595969
1355595972
1355596003
1355596161
1355596161
1355596235
1355596246
1355596315
1355596387
1355596434
1355596471
1355596503
1355596507
1355596598
1355596648
1355596691
1355596782
1355596827
1355596865
1355596982
1355596993
1355597049
1355597070
1355597075
1355597102
1355597139
1355597157
1355597161
1355597286
1355597304
1355597307
1355597357
1355597402
1355597416
1355597434
1355597455
1355597520
1355597610
1355597651
1355597676
1355597732
1355597848
1355597992
1355598002
1355598006
1355598073
1355598160
1355598177
1355598284
1355598327
1355598404
1355598463
1355598487
1355598639
1355598647
1355598695
1355598707
1355598732
1355598737
1355598753
1355598764
1355598781
1355598937
1355598971
1355598989
1355598990
1355599008
1355599045
1355599108
1355599185
1355599208
1355599255
1355599314
1355599318
1355599329
1355599363
1355599378
1355599392
1355599420
1355599480
1355599492
1355599591
1355599676
1355599725
1355599768
1355599805
1355599866
1355599930
1355600065
1355600131
1355600162
1355600177
1355600249
1355600272
1355600282
1355600319
1355600376
1355600805
1355600916
1355600946
1355600951
1355600952
1355601005
1355601069
1355601128
1355601150
1355601158
1355601160
1355601240
1355601283
1355601309
1355601335
1355601458
1355601483
1355601484
1355601496
1355601535
1355601639
1355601654
1355601682
1355601757
1355601827
1355601902
1355601942
1355601977
1355601980
1355602007
1355602149
1355602177
1355602217
1355602299
1355602329
1355602390
1355602409
1355602535
1355602595
1355602622
1355602704
1355602722
1355602767
1355602831
1355602841
1355602885
1355602960
1355603037
1355603116
1355603136
1355603347
1355603382
1355603421
1355603445
1355603459
1355603487
1355603610
1355603664
1355603709
1355603729
1355603771
1355603843
1355603941
1355604031
1355604041
1355604103
1355604135
1355604155
1355604225
1355604235
1355604236
1355604284
1355604402
1355604454
1355604460
1355604471
1355604536
1355604674
1355604700
1355604820
1355604824
1355604898
1355604952
1355605043
1355605170
1355605454
1355605540
1355605615
1355605915
1355605995
1355606047
1355606065
1355606117
1355606134
1355606156
1355606271
1355606356
1355606399
1355606585
1355606611
1355606619
1355606637
1355606664
1355606737
1355606778
1355606825
1355606825
1355606900
1355606970
1355607012
1355607037
1355607046
1355607173
1355607187
1355607239
1355607315
1355607510
1355607646
1355607654
1355607708
1355607728
1355607770
1355607775
1355607881
1355607905
1355607930
1355608000
1355608067
1355608072
1355608099
1355608160
1355608237
1355608361
1355608363
1355608423
1355608484
1355608523
1355608562
1355608567
1355608675
1355608775
1355608800
1355608805
1355608816
1355608978
1355609001
1355609115
1355609159
1355609180
1355609252
1355609276
1355609280
1355609282
1355609324
1355609352
1355609383
1355609422
1355609424
1355609434
1355609453
1355609490
1355609503
1355609531
1355609665
1355609712
1355609791
1355609834
1355609854
1355609944
1355609995
1355610027
1355610028
1355610038
1355610116
1355610129
1355610193
1355610253
1355610280
1355610297
1355610350
1355610361
1355610451
1355610503
1355610550
1355610573
1355610583
1355610617
1355610678
1355610756
1355610818
1355610891
1355610897
1355610914
1355610916
1355610957
1355610962
1355611014
1355611016
1355611068
1355611176
1355611190
1355611198
1355611239
1355611276
1355611299
1355611337
1355611337
1355611454
1355611502
1355611606
1355611606
1355611619
1355611733
1355611757
1355611869
1355611879
1355611903
1355611936
1355611939
1355611972
1355611978
1355612063
1355612098
1355612200
1355612211
1355612249
1355612258
1355612272
1355612466
1355612510
1355612550
1355612660
1355612707
1355612777
1355612794
1355612797
1355612799
1355612817
1355612879
1355612925
1355612928
1355612935
1355612945
1355613008
1355613009
1355613082
1355613117
1355613373
1355613517
1355613549
1355613589
1355613648
1355613686
1355613747
1355613757
1355613808
1355613860
1355613869
1355613873
1355613967
1355613968
1355614003
1355614020
1355614112
1355614126
1355614208
1355614344
1355614443
1355614459
1355614683
1355614825
1355614831
1355614845
1355615017
1355615045
1355615072
1355615164
1355615192
1355615533
1355615551
1355615767
1355615769
1355615804
1355615836
1355615987
1355616019
1355616132
1355616289
1355616393
1355616478
1355616493
1355616516
1355616636
1355616685
1355616763
1355616795
1355616804
1355617011
1355617079
1355617186
1355617260
1355617269
1355617324
1355617394
1355617478
1355617504
1355617592
1355617641
1355617663
1355617671
1355617720
1355617831
1355617857
1355617883
1355617947
1355618181
1355618250
1355618278
1355618328
1355618452
1355618477
1355618554
1355618829
1355618899
1355618936
1355619028
1355619092
1355619313
1355619318
1355619348
1355619378
1355619397
1355619470
1355619615
1355619623
1355619626
1355619669
1355619680
1355619793
1355619804
1355619808
1355619923
1355620098
1355620144
1355620453
1355620495
1355620553
1355620565
1355620593
1355620818
1355620971
1355621000
1355621254
1355621293
1355621293
1355621453
1355621474
1355621493
1355621544
1355621564
1355621580
1355621826
1355622148
1355622161
1355622169
1355622190
1355622294
1355622322
1355622444
1355622626
1355622642
1355622663
1355622744
1355622765
1355622785
1355622829
1355622859
1355622873
1355622901
1355622910
1355622943
1355622971
1355623143
1355623255
1355623266
1355623277
1355623328
1355623358
1355623369
1355623378
1355623387
1355623396
1355623408
1355623578
1355623599
1355623609
1355623623
1355623697
1355623735
1355623754
1355623806
1355623898
1355623976
1355624045
1355624342
1355624362
1355624418
1355624528
1355624838
1355624931
1355624946
1355624946
1355625045
1355625105
1355625129
1355625319
1355625490
1355625525
1355625602
1355625712
1355625777
1355625780
1355626076
1355626109
1355626116
1355626131
1355626286
1355626321
1355626356
1355626386
1355626414
1355626609
1355626753
1355626850
1355626964
1355627027
1355627040
1355627159
1355627326
1355627384
1355627466
1355627486
1355627874
1355627917
1355627919
1355627964
1355627986
1355628050
1355628078
1355628125
1355628187
1355628393
1355628524
1355628575
1355628579
1355628615
1355628628
1355628635
1355628883
1355629103
1355629206
1355629220
1355629369
1355629370
1355629387
1355629486
1355629529
1355629582
1355629596
1355629649
1355629920
1355629969
1355629972
1355630004
1355630081
1355630120
1355630348
1355630395
1355630408
1355630428
1355630600
1355630614
1355630631
1355630698
1355630730
1355631041
1355631116
1355631184
1355631199
1355631213
1355631230
1355631243
1355631269
1355631286
1355631331
1355631335
1355631392
1355631399
1355631409
1355631415
1355631437
1355631447
1355631548
1355631577
1355631595
1355631693
1355631707
1355631783
1355631801
1355631850
1355631868
1355631995
1355632048
1355632061
1355632065
1355632110
1355632116
1355632158
1355632464
1355632481
1355632527
1355632559
1355632587
1355632636
1355632744
1355632767
1355632794
1355632914
1355632963
1355633007
1355633025
1355633105
1355633120
1355633182
1355633213
1355633574
1355633576
1355633645
1355633665
1355633829
1355633889
1355633899
1355634019
1355634206
1355634349
1355634526
1355634629
1355634669
1355634706
1355634795
1355634923
1355635080
1355635548
1355635920
1355636187
1355636388
1355636412
1355636486
1355636672
1355636695
1355636709
1355636954
1355636972
1355636975
1355637050
1355637115
1355637117
1355637141
1355637420
1355637436
1355637564
1355637800
1355637827
1355638200
1355638202
1355638243
1355638445
1355638613
1355638923
1355638992
1355639246
1355639323
1355639377
1355639769
1355639904
1355639939
1355639949
1355640045
1355640228
1355640358
1355640482
1355640580
1355640997
1355641041
1355641267
1355641321
1355641381
1355641404
1355641518
1355641596
1355641738
1355641810
1355641821
1355642018
1355642141
1355642358
1355642615
1355642761
1355642891
1355642979
1355643841
1355643901
1355643910
1355643945
1355644141
1355644288
1355644612
1355644737
1355644741
1355644859
1355645121
1355645552
1355645609
1355645716
1355646083
1355646408
1355647542
1355647968
1355648106
1355648310
1355648959
1355649466
1355649588
1355649721
1355650256
1355650304
1355650430
1355650439
1355650489
1355650636
1355651309
1355651605
1355651961
1355652016
1355652228
1355652729
1355652812
1355652956
1355653128
1355653408
1355654150
1355655011
1355655336
1355656348
1355656886
1355657080
1355657212
1355658005
1355658158
1355658316
1355659379
1355659430
1355659733
1355659852
1355659890
1355660167
1355660280
1355660478
1355660834
1355661193
1355661205
1355661250
1355661351
1355661356
1355661407
1355661734
1355661965
1355661975
1355662053
1355662127
1355662864
1355663151
1355663185
1355663237
1355663396
1355663488
1355663596
1355663631
1355663711
1355663799
1355664036
1355664133
1355664177
1355664542
1355664586
1355664620
1355664648
1355664799
1355664991
1355665006
1355665071
1355665089
1355665280
1355665325
1355665396
1355666110
1355666278
1355666327
1355666406
1355666834
1355666940
1355667099
1355667269
1355667412
1355667420
1355667665
1355667675
1355667733
1355667793
1355667977
1355668045
1355668088
1355668245
1355668258
1355668395
1355668497
1355668527
1355668639
1355668672
1355668691
1355668742
1355668762
1355668850
1355669128
1355669136
1355669228
1355669340
1355669461
1355669620
1355669783
1355670162
1355670170
1355670412
1355670444
1355670615
1355670658
1355670692
1355670752
1355671153
1355671265
1355671595
1355671614
1355671755
1355671813
1355671939
1355671965
1355672058
1355672186
1355672215
1355672586
1355672636
1355672764
1355673317
1355673331
1355673334
1355673481
1355673542
1355673562
1355673632
1355673675
1355673805
1355673847
1355673870
1355673891
1355674015
1355674113
1355674241
1355674287
1355674378
1355674457
1355674535
1355674570
1355674598
1355674659
1355674801
1355674825
1355674861
1355674877
1355674908
1355675019
1355675072
1355675166
1355675241
1355675267
1355675423
1355675431
1355675432
1355675505
1355675564
1355675592
1355675669
1355675670
1355675714
1355675784
1355675911
1355675983
1355676017
1355676022
1355676030
1355676058
1355676192
1355676271
1355676383
1355676419
1355676431
1355676517
1355676532
1355676663
1355676776
1355676813
1355676931
1355677090
1355677258
1355677280
1355677286
1355677291
1355677307
1355677505
1355677520
1355677655
1355677741
1355677757
1355677827
1355677944
1355677972
1355678131
1355678500
1355678631
1355678706
1355678927
1355679010
1355679172
1355679368
1355679372
1355679399
1355679429
1355679475
1355679938
1355680067
1355680107
1355680274
1355680329
1355680331
1355680444
1355680458
1355680473
1355680474
1355680558
1355680670
1355680707
1355680727
1355680769
1355680817
1355680872
1355680896
1355681068
1355681118
1355681152
1355681180
1355681242
1355681265
1355681319
1355681409
1355681535
1355681543
1355681559
1355681635
1355681680
1355681885
1355682017
1355682078
1355682203
1355682345
1355682376
1355682409
1355682504
1355682520
1355682774
1355682988
1355683152
1355683413
1355683701
1355683777
1355683812
1355683989
1355684028
1355684037
1355684041
1355684072
1355684198
1355684222
1355684438
1355684722
1355684744
1355684823
1355684843
1355684908
1355685238
1355685283
1355685422
1355685561
1355685604
1355685740
1355685746
1355685778
1355685799
1355685859
1355685968
1355686215
1355686430
1355686434
1355686532
1355686717
1355686854
1355686979
1355687026
1355687039
1355687054
1355687099
1355687112
1355687207
1355687310
1355687346
1355687370
1355687540
1355687584
1355687671
1355687901
1355687999
1355688216
1355688333
1355688404
1355688404
1355688415
1355688536
1355688615
1355688658
1355688720
1355688737
1355688785
1355688798
1355688818
1355689087
1355689089
1355689184
1355689208
1355689331
1355689580
1355689580
1355689592
1355689654
1355689662
1355689815
1355689935
1355690051
1355690072
1355690110
1355690123
1355690224
1355690310
1355690385
1355690673
1355690798
1355690802
1355690850
1355690921
1355691041
1355691071
1355691123
1355691196
1355691200
1355691216
1355691694
1355691750
1355691792
1355691793
1355691806
1355692010
1355692041
1355692099
1355692213
1355692222
1355692298
1355692434
1355692437
1355692597
1355692650
1355692651
1355692667
1355692720
1355692785
1355692815
1355692822
1355692899
1355692952
1355693058
1355693103
1355693142
1355693223
1355693263
1355693316
1355693325
1355693334
1355693451
1355693476
1355693533
1355693610
1355693703
1355694027
1355694059
1355694068
1355694070
1355694129
1355694135
1355694281
1355694318
1355694414
1355694451
1355694605
1355694633
1355694642
1355694650
1355694739
1355694836
1355694842
1355694880
1355694949
1355695065
1355695142
1355695184
1355695189
1355695233
1355695241
1355695285
1355695286
1355695310
1355695312
1355695434
1355695524
1355695677
1355695896
1355696231
1355696457
1355696463
1355696840
1355697086
1355697227
1355697287
1355697331
1355697348
1355697678
1355697771
1355697862
1355697989
1355698108
1355698162
1355698227
1355698237
1355698470
1355699499
1355699800
1355699884
1355700146
1355700437
1355700442
1355700648
1355700856
1355701032
1355701079
1355701311
1355701368
1355701542
1355701584
1355701615
1355701730
1355701766
1355701841
1355702153
1355702182
1355702192
1355702317
1355702521
1355702765
1355702818
1355702834
1355703029
1355703052
1355703538
1355703960
1355704261
1355704591
1355704631
1355704637
1355704762
1355704937
1355705308
1355705309
1355705807
1355705830
1355705938
1355706088
1355706394
1355706592
1355706630
1355706816
1355706890
1355706995
1355707099
1355707237
1355707574
1355707683
1355707727
1355707996
1355708142
1355708275
1355708443
1355708462
1355708871
1355709044
1355709070
1355709174
1355709203
1355709552
1355710059
1355710155
1355710505
1355710530
1355710644
1355710855
1355711054
1355711106
1355711119
1355711155
1355711311
1355711386
1355711557
1355711635
1355711704
1355711800
1355711813
1355711951
1355711976
1355712032
1355712353
1355712435
1355712571
1355712696
1355712739
1355712813
1355712934
1355713030
1355713105
1355713181
1355713224
1355713242
1355713421
1355713587
1355713621
1355713632
1355713657
1355713715
1355713748
1355713762
1355713887
1355713974
1355714021
1355714141
1355714249
1355714278
1355714365
1355714437
1355714589
1355714655
1355714721
1355714762
1355714786
1355714875
1355715055
1355715455
1355715456
1355715783
1355715875
1355716009
1355716120
1355716264
1355716565
1355716583
1355716676
1355716739
1355716800
1355716908
1355716917
1355717190
1355717298
1355717385
1355717572
1355717838
1355718050
1355718187
1355718361
1355718753
1355718822
1355719050
1355719167
1355719204
1355719470
1355719499
1355719914
1355719931
1355720132
1355720391
1355720630
1355720941
1355721219
1355721903
1355721934
1355721985
1355722141
1355722231
1355722359
1355722452
1355722566
1355722679
1355722985
1355723333
1355723801
1355723934
1355724139
1355724745
1355724850
1355725041
1355725686
1355725782
1355726057
1355726442
1355726448
1355726757
1355726821
1355726844
1355727253
1355727364
1355727450
1355727584
1355727776
1355727915
1355728413
1355728903
1355729266
1355729616
1355729625
1355730355
1355731416
1355731596
1355731722
1355732276
1355733534
1355733904
1355734904
1355735457
1355738153
1355740072
1355740093
1355741486
1355742139
1355742916
1355743108
1355745620
1355745918
1355746398
1355746645
1355746902
1355747304
1355748014
1355750569
1355751400
1355752270
1355752319
1355752595
1355752724
1355752923
1355753188
1355753265
1355753531
1355753714
1355753732
1355753857
1355754100
1355754412
1355754487
1355754622
1355754709
1355754981
1355755160
1355755773
1355756040
1355756104
1355756204
1355756226
1355756480
1355756890
1355757002
1355757397
1355757411
1355757425
1355757812
1355757839
1355757949
1355758209
1355758244
1355758290
1355758309
1355758491
1355758537
1355758666
1355758706
1355759047
1355759140
1355759149
1355759196
1355759376
1355759407
1355759645
1355759673
1355759674
1355759820
1355760099
1355760682
1355760778
1355761016
1355761144
1355761166
1355761406
1355761408
1355761601
1355761879
1355762086
1355762383
1355762418
1355762543
1355762570
1355762596
1355762671
1355762740
1355762761
1355762778
1355762952
1355763015
1355763189
1355763336
1355763342
1355763371
1355763553
1355763807
1355763879
1355764006
1355764254
1355764464
1355764515
1355764548
1355764589
1355764753
1355764841
1355764980
1355765276
1355765330
1355765401
1355765444
1355765555
1355765658
1355765771
1355765844
1355766052
1355766094
1355766349
1355766422
1355766649
1355766671
1355766766
1355766782
1355767002
1355767228
1355767448
1355767456
1355767467
1355767551
1355767612
1355767851
1355767852
1355768184
1355768211
1355768472
1355768594
1355768661
1355768733
1355768735
1355769021
1355769327
1355769360
1355769363
1355769707
1355769718
1355769774
1355769776
1355769802
1355770012
1355770046
1355770136
1355770184
1355770240
1355770730
1355770941
1355771093
1355771125
1355771168
1355771295
1355771560
1355771732
1355771776
1355771996
1355772097
1355772451
1355772458
1355772680
1355772802
1355772902
1355773002
1355773065
1355773134
1355773348
1355773430
1355773532
1355773725
1355773819
1355774078
1355774143
1355774361
1355774363
1355774957
1355775263
1355775383
1355775461
1355775533
1355775534
1355775581
1355775681
1355775737
1355776147
1355776260
1355776315
1355776378
1355776404
1355776450
1355776508
1355776529
1355776555
1355776584
1355776662
1355776683
1355776737
1355777382
1355777828
1355777833
1355777855
1355777876
1355777956
1355778420
1355778433
1355778546
1355778549
1355778553
1355778685
1355778822
1355778928
1355779181
1355779378
1355779430
1355779435
1355779436
1355779573
1355779687
1355779753
1355779802
1355779814
1355779958
1355780114
1355780143
1355780643
1355780692
1355780697
1355780722
1355780779
1355780833
1355780917
1355780931
1355780990
1355780997
1355781019
1355781149
1355781562
1355781719
1355782159
1355782287
1355782792
1355782964
1355783299
1355783326
1355783329
1355783480
1355783588
1355783595
1355783623
1355783623
1355783701
1355783724
1355783751
1355783872
1355784124
1355784330
1355784474
1355784655
1355784756
1355784841
1355785943
1355786204
1355786211
1355786364
1355786400
1355786436
1355786539
1355786772
1355786978
1355787190
1355787340
1355787472
1355787480
1355787769
1355787791
1355787822
1355787831
1355787988
1355788005
1355788145
1355788279
1355788333
1355788436
1355788509
1355788684
1355788793
1355788815
1355788835
1355788906
1355788968
1355789323
1355789452
1355789480
1355789519
1355789624
1355790261
1355790285
1355790329
1355790476
1355790600
1355790645
1355790910
1355791178
1355791193
1355791250
1355791268
1355791984
1355792142
1355792201
1355792312
1355792450
1355792829
1355792895
1355792985
1355793100
1355793502
1355793550
1355793613
1355793833
1355793837
1355793926
1355794396
1355794430
1355794671
1355794694
1355794702
1355794794
1355794910
1355794964
1355795033
1355795371
1355795738
1355795854
1355795872
1355796135
1355796290
1355796423
1355796448
1355796510
1355797055
1355797202
1355797455
1355797559
1355798152
1355798272
1355798311
1355798497
1355798960
1355799070
1355799162
1355799310
1355799390
1355799491
1355799552
1355799624
1355799788
1355800097
1355800123
1355800261
1355800266
1355800357
1355800523
1355800553
1355800831
1355801037
1355801322
1355801347
1355801826
1355802001
1355802088
1355802203
1355802380
1355802413
1355802414
1355802756
1355802941
1355803010
1355803599
1355803812
1355804042
1355804070
1355804173
1355804489
1355804525
1355804794
1355804966
1355805115
1355805435
1355805440
1355805633
1355805674
1355805731
1355805932
1355806230
1355806319
1355806496
1355806579
1355806796
1355806847
1355806855
1355807323
1355807454
1355807492
1355807649
1355807737
1355807987
1355808023
1355808183
1355808299
1355808406
1355808478
1355808597
1355808666
1355809118
1355809268
1355809600
1355809677
1355809743
1355809795
1355810222
1355810866
1355811039
1355811090
1355812380
1355812637
1355813645
1355813961
1355813965
1355814193
1355814272
1355815904
1355816065
1355816530
1355817765
1355818304
1355819460
1355821659
1355822681
1355823659
1355824867
1355825050
1355826921
1355827377
1355827878
1355832430
1355834771
1355835047
1355835345
1355835734
1355836198
1355836434
1355836581
1355838160
1355838286
1355838944
1355838958
1355839083
1355839247
1355839277
1355839694
1355839867
1355840049
1355840058
1355840347
1355840657
1355840947
1355841466
1355841656
1355841684
1355841913
1355842532
1355842723
1355842755
1355842824
1355843679
1355843762
1355844230
1355844345
1355844943
1355844946
1355845114
1355845218
1355845289
1355845449
1355845538
1355845549
1355845754
1355845985
1355846015
1355846121
1355846673
1355846811
1355846843
1355846905
1355847019
1355847417
1355847523
1355848111
1355848150
1355848830
1355848953
1355849339
1355849457
1355849611
1355850063
1355850426
1355850763
1355851735
1355851762
1355851797
1355852416
1355852495
1355852510
1355852896
1355853262
1355853524
1355854309
1355854344
1355854403
1355854712
1355855593
1355856281
1355856430
1355856557
1355857372
1355857667
1355857996
1355858095
1355858299
1355858309
1355858424
1355858532
1355858736
1355858843
1355858949
1355858971
1355859617
1355859664
1355859836
1355860034
1355860734
1355860761
1355860874
1355861002
1355861111
1355861131
1355861144
1355861186
1355861472
1355861500
1355861511
1355861773
1355861839
1355862348
1355862386
1355862489
1355862493
1355862689
1355862928
1355863017
1355863397
1355863513
1355863988
1355864117
1355864305
1355864633
1355864811
1355864848
1355865055
1355865063
1355865400
1355866310
1355866425
1355866931
1355867100
1355867135
1355867208
1355867223
1355867522
1355867725
1355868267
1355868435
1355868473
1355868778
1355869140
1355869511
1355870494
1355870871
1355871100
1355872122
1355872132
1355872199
1355872981
1355873071
1355874559
1355875017
1355875060
1355875163
1355875532
1355875889
1355875922
1355876062
1355876063
1355876164
1355876371
1355876443
1355876453
1355877110
1355877132
1355877431
1355877460
1355877822
1355877853
1355878158
1355878457
1355879003
1355879006
1355879164
1355880085
1355880222
1355880280
1355880408
1355880755
1355880940
1355881452
1355881555
1355881799
1355881903
1355882678
1355882873
1355883383
1355884019
1355884925
1355885055
1355885161
1355885256
1355885477
1355885547
1355886101
1355887956
1355888569
1355889731
1355889798
1355889829
1355890122
1355890745
1355891228
1355893363
1355893945
1355893951
1355896625
1355897488
1355898474
1355899090
1355899188
1355899600
1355899953
1355901209
1355901328
1355901460
1355903721
1355904227
1355906128
1355908102
1355908904
1355913463
1355917072
1355917417
1355918528
1355918846
1355919514
1355919684
1355919821
1355922284
1355923509
1355924699
1355925068
1355926730
1355926895
1355927180
1355928206
1355929520
1355930679
1355930867
1355932309
1355932338
1355932415
1355932570
1355932787
1355932897
1355934209
1355934391
1355934831
1355935451
1355936320
1355936885
1355937125
1355937906
1355938468
1355939495
1355941531
1355942747
1355943697
1355944841
1355944879
1355945501
1355947196
1355947277
1355948062
1355948159
1355948353
1355950232
1355950289
1355958129
1355958670
1355959148
1355959775
1355961339
1355963826
1355965086
1355965372
1355968367
1355969114
1355970987
1355971022
1355971186
1355972717
1355973182
1355975795
1355976149
1355976991
1355977082
1355977277
1355979348
1355981275
1355985218
1355989499
1355990345
1355995540
1355998151
1355999758
1356012001
1356015551
1356018161
1356018442
1356019810
1356021727
1356023624
1356024582
1356024629
1356025256
1356025505
1356026405
1356028081
1356028806
1356031162
1356033252
1356038578
1356039220
1356039512
1356040801
1356043212
1356043497
1356051587
1356053529
1356054507
1356055498
1356056050
1356060816
1356063708
1356066539
1356066568
1356068179
1356068410
1356068897
