3
5
253
277
331
342
402
432
433
441
451
465
489
678
683
690
693
717
770
783
802
918
952
993
1028
1038
1162
1202
1212
1236
1266
1315
1375
1493
1504
1569
1613
1629
1662
1672
1733
1751
1768
1837
1906
1966
2046
2050
2061
2071
2150
2178
2258
2265
2318
2340
2378
2549
2564
2565
2570
2643
2702
2708
2811
2871
2900
2937
2940
2945
3003
3014
3028
3038
3071
3086
3297
3470
3621
3743
3817
3929
4042
4184
4323
4400
4446
4538
4597
4702
4719
4947
5010
5154
5205
5263
5291
5554
5635
5773
5796
6257
6400
6515
6823
7008
7258
7945
8701
8745
9361
9604
9775
9809
9837
9970
9982
10064
10183
10350
10582
10640
10948
11762
12139
12642
12661
12946
13024
13115
13482
13991
14730
15964
17068
18298
18510
22896
23854
23899
23982
29003
32116
32757
33074
37972
38474
39116
42355
43038
44126
47640
48483
54257
67168
67819
71164
74426
78242
80364
82270
92259
102681
103412
114801
115969
116684
117476
122456
127921
134609
135276
136181
144667
147164
152064
158759
159283
166823
174705
189858
189860
194025
224100
228114
234989
243066
245118
249702
249906
256104
257402
261653
265738
284481
287934
288523
288575
291363
300904
308249
312068
325259
329826
334215
339678
341839
344423
350012
364541
370155
373650
376396
389726
392568
392881
407544
408437
409110
409912
413549
437319
441993
442622
452484
460832
464957
495965
507314
509873
514361
526235
559873
584500
598632
605814
614807
637791
658686
670202
677959
678225
679693
705602
735444
761031
774633
793666
809003
810533
822508
824618
836419
853875
871461
893760
894855
895459
904079
909375
922569
939598
946643
949649
960232
980241
981469
981537
983892
988834
989809
990507
991827
1035517
1056574
1058532
1077599
1081209
1083449
1087311
1090101
1112845
1114422
1135628
1144598
1147692
1147981
1172883
1177287
1255684
1266766
1389194
1393777
1396274
1396378
1396557
1400468
1452204
1462476
1477412
1477728
1493714
1511273
1528476
1531192
1533760
1537102
1539329
1560448
1600347
1607381
1620530
1640510
1648508
1699536
1725479
1732578
1779523
1791326
1792653
1800336
1800554
1821320
1822872
1823624
1825829
1829451
1830797
1832592
1833414
1835484
1836701
1840593
1843591
1844160
1844906
1845288
1845712
1847324
1849490
1854657
1857233
1857806
1858643
1859274
1862632
1865449
1869976
1878222
1885041
1885245
1886222
1886528
1887316
1887618
1889301
1889549
1892484
1894082
1896583
1901030
1901585
1903458
1903521
1903889
1904076
1904900
1906305
1911142
1913654
1916032
1922260
1922524
1930373
1932600
1934712
1936044
1937726
1945962
1958378
1966811
1969787
1975293
1993965
1998545
2000757
2009483
2021838
2031302
2032914
2035229
2035910
2038160
2038271
2050386
2051437
2051448
2051484
2054666
2073499
